& Using number of cells = 100
& Using maximum iteration count = 1000000
& Serial Residual = 9.996230121e-09
& CPU serial kernel time = 3.252282 Seconds
T100 = [...
1.000000 0.000000 0.000000 0.000000 0.000000 0.000000 0.000000 0.000000 0.000000 0.000000 0.000000 0.000000 0.000000 0.000000 0.000000 0.000000 0.000000 0.000000 0.000000 0.000000 0.000000 0.000000 0.000000 0.000000 0.000000 0.000000 0.000000 0.000000 0.000000 0.000000 0.000000 0.000000 0.000000 0.000000 0.000000 0.000000 0.000000 0.000000 0.000000 0.000000 0.000000 0.000000 0.000000 0.000000 0.000000 0.000000 0.000000 0.000000 0.000000 0.000000 0.000000 0.000000 0.000000 0.000000 0.000000 0.000000 0.000000 0.000000 0.000000 0.000000 0.000000 0.000000 0.000000 0.000000 0.000000 0.000000 0.000000 0.000000 0.000000 0.000000 0.000000 0.000000 0.000000 0.000000 0.000000 0.000000 0.000000 0.000000 0.000000 0.000000 0.000000 0.000000 0.000000 0.000000 0.000000 0.000000 0.000000 0.000000 0.000000 0.000000 0.000000 0.000000 0.000000 0.000000 0.000000 0.000000 0.000000 0.000000 0.000000 0.000000 0.000000 1.000000 ; ...
1.000000 0.500000 0.302347 0.209390 0.158497 0.127129 0.106036 0.090923 0.079576 0.070748 0.063685 0.057909 0.053099 0.049032 0.045551 0.042538 0.039906 0.037589 0.035535 0.033704 0.032062 0.030582 0.029245 0.028031 0.026926 0.025917 0.024994 0.024149 0.023373 0.022660 0.022005 0.021402 0.020848 0.020339 0.019871 0.019442 0.019049 0.018691 0.018364 0.018068 0.017802 0.017563 0.017351 0.017165 0.017003 0.016866 0.016753 0.016663 0.016596 0.016551 0.016529 0.016529 0.016551 0.016596 0.016663 0.016753 0.016866 0.017003 0.017165 0.017351 0.017563 0.017802 0.018068 0.018364 0.018691 0.019049 0.019442 0.019871 0.020339 0.020848 0.021402 0.022005 0.022660 0.023373 0.024149 0.024994 0.025917 0.026926 0.028031 0.029245 0.030582 0.032062 0.033704 0.035535 0.037589 0.039906 0.042538 0.045551 0.049032 0.053099 0.057909 0.063685 0.070748 0.079576 0.090923 0.106036 0.127129 0.158497 0.209390 0.302347 0.500000 1.000000 ; ...
1.000000 0.697653 0.500000 0.376715 0.297469 0.243984 0.206091 0.178081 0.156633 0.139729 0.126085 0.114853 0.105455 0.097480 0.090633 0.084694 0.079497 0.074916 0.070849 0.067218 0.063960 0.061023 0.058366 0.055952 0.053755 0.051748 0.049911 0.048228 0.046683 0.045263 0.043958 0.042757 0.041652 0.040636 0.039703 0.038848 0.038064 0.037349 0.036698 0.036108 0.035576 0.035099 0.034676 0.034304 0.033982 0.033709 0.033483 0.033303 0.033169 0.033080 0.033035 0.033035 0.033080 0.033169 0.033303 0.033483 0.033709 0.033982 0.034304 0.034676 0.035099 0.035576 0.036108 0.036698 0.037349 0.038064 0.038848 0.039703 0.040636 0.041652 0.042757 0.043958 0.045263 0.046683 0.048228 0.049911 0.051748 0.053755 0.055952 0.058366 0.061023 0.063960 0.067218 0.070849 0.074916 0.079497 0.084694 0.090633 0.097480 0.105455 0.114853 0.126085 0.139729 0.156633 0.178081 0.206091 0.243984 0.297469 0.376715 0.500000 0.697653 1.000000 ; ...
1.000000 0.790610 0.623285 0.500000 0.410679 0.345249 0.296262 0.258675 0.229147 0.205450 0.186071 0.169964 0.156386 0.144799 0.134806 0.126108 0.118474 0.111727 0.105726 0.100360 0.095537 0.091185 0.087242 0.083659 0.080392 0.077408 0.074675 0.072169 0.069868 0.067752 0.065805 0.064014 0.062366 0.060851 0.059459 0.058181 0.057011 0.055943 0.054970 0.054089 0.053294 0.052582 0.051950 0.051394 0.050913 0.050504 0.050166 0.049897 0.049697 0.049563 0.049497 0.049497 0.049563 0.049697 0.049897 0.050166 0.050504 0.050913 0.051394 0.051950 0.052582 0.053294 0.054089 0.054970 0.055943 0.057011 0.058181 0.059459 0.060851 0.062366 0.064014 0.065805 0.067752 0.069868 0.072169 0.074675 0.077408 0.080392 0.083659 0.087242 0.091185 0.095537 0.100360 0.105726 0.111727 0.118474 0.126108 0.134806 0.144799 0.156386 0.169964 0.186071 0.205450 0.229147 0.258675 0.296262 0.345249 0.410679 0.500000 0.623285 0.790610 1.000000 ; ...
1.000000 0.841503 0.702531 0.589320 0.500000 0.430070 0.375032 0.331212 0.295831 0.266852 0.242786 0.222546 0.205326 0.190525 0.177686 0.166456 0.156563 0.147792 0.139969 0.132958 0.126645 0.120937 0.115760 0.111048 0.106749 0.102816 0.099213 0.095906 0.092867 0.090071 0.087498 0.085129 0.082948 0.080942 0.079099 0.077407 0.075857 0.074441 0.073152 0.071983 0.070929 0.069985 0.069146 0.068409 0.067771 0.067229 0.066780 0.066424 0.066157 0.065980 0.065892 0.065892 0.065980 0.066157 0.066424 0.066780 0.067229 0.067771 0.068409 0.069146 0.069985 0.070929 0.071983 0.073152 0.074441 0.075857 0.077407 0.079099 0.080942 0.082948 0.085129 0.087498 0.090071 0.092867 0.095906 0.099213 0.102816 0.106749 0.111048 0.115760 0.120937 0.126645 0.132958 0.139969 0.147792 0.156563 0.166456 0.177686 0.190525 0.205326 0.222546 0.242786 0.266852 0.295831 0.331212 0.375032 0.430070 0.500000 0.589320 0.702531 0.841503 1.000000 ; ...
1.000000 0.872871 0.756015 0.654751 0.569929 0.500000 0.442585 0.395308 0.356115 0.323340 0.295675 0.272107 0.251849 0.234290 0.218955 0.205468 0.193532 0.182907 0.173401 0.164857 0.157146 0.150160 0.143811 0.138025 0.132737 0.127896 0.123455 0.119375 0.115622 0.112167 0.108986 0.106055 0.103356 0.100872 0.098588 0.096490 0.094569 0.092813 0.091214 0.089763 0.088455 0.087283 0.086241 0.085326 0.084534 0.083860 0.083303 0.082860 0.082529 0.082309 0.082199 0.082199 0.082309 0.082529 0.082860 0.083303 0.083860 0.084534 0.085326 0.086241 0.087283 0.088455 0.089763 0.091214 0.092813 0.094569 0.096490 0.098588 0.100872 0.103356 0.106055 0.108986 0.112167 0.115622 0.119375 0.123455 0.127896 0.132737 0.138025 0.143811 0.150160 0.157146 0.164857 0.173401 0.182907 0.193532 0.205468 0.218955 0.234290 0.251849 0.272107 0.295675 0.323340 0.356115 0.395308 0.442585 0.500000 0.569929 0.654751 0.756015 0.872871 1.000000 ; ...
1.000000 0.893964 0.793909 0.703738 0.624967 0.557414 0.499999 0.451321 0.409979 0.374717 0.344469 0.318358 0.295670 0.275831 0.258376 0.242930 0.229189 0.216904 0.205872 0.195924 0.186921 0.178746 0.171300 0.164502 0.158281 0.152576 0.147335 0.142516 0.138079 0.133991 0.130223 0.126750 0.123549 0.120601 0.117889 0.115398 0.113115 0.111028 0.109126 0.107401 0.105844 0.104449 0.103210 0.102121 0.101177 0.100375 0.099711 0.099183 0.098789 0.098527 0.098397 0.098397 0.098527 0.098789 0.099183 0.099711 0.100375 0.101177 0.102121 0.103210 0.104449 0.105844 0.107401 0.109126 0.111028 0.113115 0.115398 0.117889 0.120601 0.123549 0.126750 0.130223 0.133991 0.138079 0.142516 0.147335 0.152576 0.158281 0.164502 0.171300 0.178746 0.186921 0.195924 0.205872 0.216904 0.229189 0.242930 0.258376 0.275831 0.295670 0.318358 0.344469 0.374717 0.409979 0.451321 0.499999 0.557414 0.624967 0.703738 0.793909 0.893964 1.000000 ; ...
1.000000 0.909077 0.821919 0.741324 0.668787 0.604690 0.548677 0.499999 0.457764 0.421080 0.389126 0.361185 0.336644 0.314988 0.295788 0.278687 0.263390 0.249648 0.237258 0.226046 0.215868 0.206602 0.198143 0.190403 0.183307 0.176790 0.170795 0.165275 0.160187 0.155495 0.151165 0.147172 0.143488 0.140094 0.136970 0.134099 0.131465 0.129057 0.126862 0.124870 0.123072 0.121461 0.120028 0.118769 0.117678 0.116751 0.115983 0.115373 0.114917 0.114614 0.114463 0.114463 0.114614 0.114917 0.115373 0.115983 0.116751 0.117678 0.118769 0.120028 0.121461 0.123072 0.124870 0.126862 0.129057 0.131465 0.134099 0.136970 0.140094 0.143488 0.147172 0.151165 0.155495 0.160187 0.165275 0.170795 0.176790 0.183307 0.190403 0.198143 0.206602 0.215868 0.226046 0.237258 0.249648 0.263390 0.278687 0.295788 0.314988 0.336644 0.361185 0.389126 0.421080 0.457764 0.499999 0.548677 0.604690 0.668787 0.741324 0.821919 0.909077 1.000000 ; ...
1.000000 0.920424 0.843366 0.770852 0.704167 0.643884 0.590019 0.542234 0.499999 0.462712 0.429771 0.400613 0.374733 0.351689 0.331101 0.312641 0.296034 0.281042 0.267466 0.255135 0.243904 0.233650 0.224266 0.215660 0.207755 0.200482 0.193781 0.187602 0.181900 0.176635 0.171772 0.167283 0.163139 0.159318 0.155798 0.152561 0.149591 0.146873 0.144395 0.142145 0.140114 0.138293 0.136674 0.135250 0.134016 0.132967 0.132099 0.131408 0.130893 0.130550 0.130379 0.130379 0.130550 0.130893 0.131408 0.132099 0.132967 0.134016 0.135250 0.136674 0.138293 0.140114 0.142145 0.144395 0.146873 0.149591 0.152561 0.155798 0.159318 0.163139 0.167283 0.171772 0.176635 0.181900 0.187602 0.193781 0.200482 0.207755 0.215660 0.224266 0.233650 0.243904 0.255135 0.267466 0.281042 0.296034 0.312641 0.331101 0.351689 0.374733 0.400613 0.429771 0.462712 0.499999 0.542234 0.590019 0.643884 0.704167 0.770852 0.843366 0.920424 1.000000 ; ...
1.000000 0.929252 0.860271 0.794549 0.733147 0.676659 0.625281 0.578918 0.537285 0.499998 0.466632 0.436762 0.409985 0.385935 0.364284 0.344744 0.327062 0.311020 0.296428 0.283123 0.270964 0.259828 0.249610 0.240217 0.231571 0.223600 0.216245 0.209453 0.203175 0.197372 0.192007 0.187048 0.182467 0.178239 0.174342 0.170756 0.167464 0.164449 0.161699 0.159202 0.156946 0.154923 0.153124 0.151541 0.150169 0.149002 0.148037 0.147269 0.146695 0.146314 0.146123 0.146123 0.146314 0.146695 0.147269 0.148037 0.149002 0.150169 0.151541 0.153124 0.154923 0.156946 0.159202 0.161699 0.164449 0.167464 0.170756 0.174342 0.178239 0.182467 0.187048 0.192007 0.197372 0.203175 0.209453 0.216245 0.223600 0.231571 0.240217 0.249610 0.259828 0.270964 0.283123 0.296428 0.311020 0.327062 0.344744 0.364284 0.385935 0.409985 0.436762 0.466632 0.499998 0.537285 0.578918 0.625281 0.676659 0.733147 0.794549 0.860271 0.929252 1.000000 ; ...
1.000000 0.936314 0.873915 0.813928 0.757212 0.704323 0.655528 0.610871 0.570226 0.533364 0.499998 0.469817 0.442510 0.417782 0.395358 0.374988 0.356450 0.339547 0.324103 0.309965 0.297000 0.285088 0.274128 0.264029 0.254710 0.246104 0.238147 0.230788 0.223976 0.217671 0.211836 0.206436 0.201443 0.196831 0.192576 0.188658 0.185058 0.181761 0.178752 0.176017 0.173546 0.171329 0.169356 0.167621 0.166117 0.164837 0.163777 0.162934 0.162305 0.161886 0.161677 0.161677 0.161886 0.162305 0.162934 0.163777 0.164837 0.166117 0.167621 0.169356 0.171329 0.173546 0.176017 0.178752 0.181761 0.185058 0.188658 0.192576 0.196831 0.201443 0.206436 0.211836 0.217671 0.223976 0.230788 0.238147 0.246104 0.254710 0.264029 0.274128 0.285088 0.297000 0.309965 0.324103 0.339547 0.356450 0.374988 0.395358 0.417782 0.442510 0.469817 0.499998 0.533364 0.570226 0.610871 0.655528 0.704323 0.757212 0.813928 0.873915 0.936314 1.000000 ; ...
1.000000 0.942090 0.885146 0.830035 0.777452 0.727891 0.681639 0.638812 0.599384 0.563234 0.530179 0.499998 0.472458 0.447325 0.424376 0.403400 0.384205 0.366614 0.350472 0.335636 0.321982 0.309398 0.297786 0.287059 0.277138 0.267957 0.259453 0.251574 0.244271 0.237501 0.231228 0.225417 0.220038 0.215064 0.210472 0.206241 0.202351 0.198785 0.195529 0.192569 0.189892 0.187490 0.185352 0.183471 0.181839 0.180451 0.179302 0.178387 0.177704 0.177249 0.177023 0.177023 0.177249 0.177704 0.178387 0.179302 0.180451 0.181839 0.183471 0.185352 0.187490 0.189892 0.192569 0.195529 0.198785 0.202351 0.206241 0.210472 0.215064 0.220038 0.225417 0.231228 0.237501 0.244271 0.251574 0.259453 0.267957 0.277138 0.287059 0.297786 0.309398 0.321982 0.335636 0.350472 0.366614 0.384205 0.403400 0.424376 0.447325 0.472458 0.499998 0.530179 0.563234 0.599384 0.638812 0.681639 0.727891 0.777452 0.830035 0.885146 0.942090 1.000000 ; ...
1.000000 0.946900 0.894545 0.843612 0.794672 0.748149 0.704327 0.663353 0.625263 0.590011 0.557485 0.527537 0.499997 0.474685 0.451421 0.430032 0.410354 0.392234 0.375533 0.360125 0.345893 0.332735 0.320559 0.309281 0.298828 0.289132 0.280135 0.271784 0.264032 0.256836 0.250158 0.243965 0.238227 0.232916 0.228009 0.223483 0.219319 0.215500 0.212010 0.208836 0.205965 0.203387 0.201091 0.199071 0.197318 0.195827 0.194591 0.193608 0.192873 0.192385 0.192141 0.192141 0.192385 0.192873 0.193608 0.194591 0.195827 0.197318 0.199071 0.201091 0.203387 0.205965 0.208836 0.212010 0.215500 0.219319 0.223483 0.228009 0.232916 0.238227 0.243965 0.250158 0.256836 0.264032 0.271784 0.280135 0.289132 0.298828 0.309281 0.320559 0.332735 0.345893 0.360125 0.375533 0.392234 0.410354 0.430032 0.451421 0.474685 0.499997 0.527537 0.557485 0.590011 0.625263 0.663353 0.704327 0.748149 0.794672 0.843612 0.894545 0.946900 1.000000 ; ...
1.000000 0.950967 0.902519 0.855199 0.809473 0.765707 0.724166 0.685008 0.648307 0.614060 0.582213 0.552669 0.525309 0.499997 0.476592 0.454954 0.434945 0.416435 0.399303 0.383436 0.368730 0.355092 0.342434 0.330680 0.319759 0.309608 0.300171 0.291396 0.283236 0.275651 0.268603 0.262059 0.255989 0.250365 0.245164 0.240362 0.235942 0.231885 0.228176 0.224800 0.221745 0.219000 0.216556 0.214404 0.212536 0.210946 0.209629 0.208580 0.207797 0.207276 0.207016 0.207016 0.207276 0.207797 0.208580 0.209629 0.210946 0.212536 0.214404 0.216556 0.219000 0.221745 0.224800 0.228176 0.231885 0.235942 0.240362 0.245164 0.250365 0.255989 0.262059 0.268603 0.275651 0.283236 0.291396 0.300171 0.309608 0.319759 0.330680 0.342434 0.355092 0.368730 0.383436 0.399303 0.416435 0.434945 0.454954 0.476592 0.499997 0.525309 0.552669 0.582213 0.614060 0.648307 0.685008 0.724166 0.765707 0.809473 0.855199 0.902519 0.950967 1.000000 ; ...
1.000000 0.954449 0.909366 0.865192 0.822312 0.781042 0.741621 0.704208 0.668895 0.635711 0.604637 0.575618 0.548572 0.523401 0.499996 0.478245 0.458036 0.439259 0.421808 0.405586 0.390501 0.376467 0.363405 0.351245 0.339920 0.329371 0.319545 0.310391 0.301866 0.293930 0.286545 0.279680 0.273304 0.267392 0.261918 0.256861 0.252202 0.247923 0.244008 0.240443 0.237215 0.234314 0.231729 0.229452 0.227475 0.225792 0.224398 0.223288 0.222458 0.221906 0.221631 0.221631 0.221906 0.222458 0.223288 0.224398 0.225792 0.227475 0.229452 0.231729 0.234314 0.237215 0.240443 0.244008 0.247923 0.252202 0.256861 0.261918 0.267392 0.273304 0.279680 0.286545 0.293930 0.301866 0.310391 0.319545 0.329371 0.339920 0.351245 0.363405 0.376467 0.390501 0.405586 0.421808 0.439259 0.458036 0.478245 0.499996 0.523401 0.548572 0.575618 0.604637 0.635711 0.668895 0.704208 0.741621 0.781042 0.822312 0.865192 0.909366 0.954449 1.000000 ; ...
1.000000 0.957462 0.915305 0.873891 0.833541 0.794529 0.757066 0.721309 0.687354 0.655251 0.625006 0.596593 0.569961 0.545039 0.521747 0.499996 0.479695 0.460755 0.443085 0.426600 0.411220 0.396869 0.383476 0.370974 0.359305 0.348413 0.338246 0.328758 0.319908 0.311656 0.303967 0.296811 0.290157 0.283980 0.278255 0.272963 0.268082 0.263596 0.259490 0.255748 0.252359 0.249310 0.246594 0.244200 0.242120 0.240350 0.238883 0.237714 0.236841 0.236260 0.235970 0.235970 0.236260 0.236841 0.237714 0.238883 0.240350 0.242120 0.244200 0.246594 0.249310 0.252359 0.255748 0.259490 0.263596 0.268082 0.272963 0.278255 0.283980 0.290157 0.296811 0.303967 0.311656 0.319908 0.328758 0.338246 0.348413 0.359305 0.370974 0.383476 0.396869 0.411220 0.426600 0.443085 0.460755 0.479695 0.499996 0.521747 0.545039 0.569961 0.596593 0.625006 0.655251 0.687354 0.721309 0.757066 0.794529 0.833541 0.873891 0.915305 0.957462 1.000000 ; ...
1.000000 0.960093 0.920501 0.881524 0.843434 0.806465 0.770807 0.736606 0.703961 0.672933 0.643544 0.615789 0.589639 0.565047 0.541956 0.520296 0.499995 0.480980 0.463176 0.446510 0.430911 0.416313 0.402654 0.389872 0.377914 0.366728 0.356267 0.346488 0.337351 0.328819 0.320858 0.313439 0.306533 0.300115 0.294161 0.288652 0.283568 0.278891 0.274607 0.270701 0.267161 0.263976 0.261136 0.258632 0.256457 0.254605 0.253069 0.251846 0.250932 0.250323 0.250020 0.250020 0.250323 0.250932 0.251846 0.253069 0.254605 0.256457 0.258632 0.261136 0.263976 0.267161 0.270701 0.274607 0.278891 0.283568 0.288652 0.294161 0.300115 0.306533 0.313439 0.320858 0.328819 0.337351 0.346488 0.356267 0.366728 0.377914 0.389872 0.402654 0.416313 0.430911 0.446510 0.463176 0.480980 0.499995 0.520296 0.541956 0.565047 0.589639 0.615789 0.643544 0.672933 0.703961 0.736606 0.770807 0.806465 0.843434 0.881524 0.920501 0.960093 1.000000 ; ...
1.000000 0.962410 0.925083 0.888271 0.852206 0.817089 0.783092 0.750347 0.718953 0.688975 0.660447 0.633379 0.607758 0.583557 0.560733 0.539236 0.519010 0.499995 0.482129 0.465351 0.449601 0.434820 0.420953 0.407946 0.395750 0.384318 0.373607 0.363576 0.354189 0.345410 0.337208 0.329553 0.322421 0.315785 0.309623 0.303916 0.298645 0.293793 0.289346 0.285288 0.281609 0.278297 0.275342 0.272736 0.270472 0.268543 0.266943 0.265669 0.264716 0.264082 0.263766 0.263766 0.264082 0.264716 0.265669 0.266943 0.268543 0.270472 0.272736 0.275342 0.278297 0.281609 0.285288 0.289346 0.293793 0.298645 0.303916 0.309623 0.315785 0.322421 0.329553 0.337208 0.345410 0.354189 0.363576 0.373607 0.384318 0.395750 0.407946 0.420953 0.434820 0.449601 0.465351 0.482129 0.499995 0.519010 0.539236 0.560733 0.583557 0.607758 0.633379 0.660447 0.688975 0.718953 0.750347 0.783092 0.817089 0.852206 0.888271 0.925083 0.962410 1.000000 ; ...
1.000000 0.964464 0.929150 0.894272 0.860028 0.826595 0.794124 0.762737 0.732529 0.703566 0.675890 0.649521 0.624459 0.600688 0.578182 0.556905 0.536814 0.517860 0.499994 0.483165 0.467322 0.452414 0.438392 0.425210 0.412822 0.401188 0.390267 0.380022 0.370418 0.361424 0.353009 0.345147 0.337812 0.330980 0.324631 0.318745 0.313304 0.308292 0.303694 0.299497 0.295689 0.292260 0.289199 0.286499 0.284151 0.282151 0.280492 0.279170 0.278181 0.277524 0.277195 0.277195 0.277524 0.278181 0.279170 0.280492 0.282151 0.284151 0.286499 0.289199 0.292260 0.295689 0.299497 0.303694 0.308292 0.313304 0.318745 0.324631 0.330980 0.337812 0.345147 0.353009 0.361424 0.370418 0.380022 0.390267 0.401188 0.412822 0.425210 0.438392 0.452414 0.467322 0.483165 0.499994 0.517860 0.536814 0.556905 0.578182 0.600688 0.624459 0.649521 0.675890 0.703566 0.732529 0.762737 0.794124 0.826595 0.860028 0.894272 0.929150 0.964464 1.000000 ; ...
1.000000 0.966295 0.932780 0.899638 0.867039 0.835139 0.804072 0.773949 0.744860 0.716871 0.690028 0.664357 0.639867 0.616555 0.594404 0.573389 0.553479 0.534637 0.516823 0.499994 0.484107 0.469121 0.454991 0.441678 0.429142 0.417345 0.406250 0.395825 0.386038 0.376858 0.368258 0.360213 0.352699 0.345693 0.339176 0.333128 0.327533 0.322376 0.317641 0.313317 0.309391 0.305854 0.302696 0.299908 0.297484 0.295418 0.293704 0.292337 0.291316 0.290636 0.290296 0.290296 0.290636 0.291316 0.292337 0.293704 0.295418 0.297484 0.299908 0.302696 0.305854 0.309391 0.313317 0.317641 0.322376 0.327533 0.333128 0.339176 0.345693 0.352699 0.360213 0.368258 0.376858 0.386038 0.395825 0.406250 0.417345 0.429142 0.441678 0.454991 0.469121 0.484107 0.499994 0.516823 0.534637 0.553479 0.573389 0.594404 0.616555 0.639867 0.664357 0.690028 0.716871 0.744860 0.773949 0.804072 0.835139 0.867039 0.899638 0.932780 0.966295 1.000000 ; ...
1.000000 0.967938 0.936038 0.904460 0.873352 0.842851 0.813075 0.784127 0.756090 0.729030 0.702993 0.678010 0.654098 0.631260 0.609489 0.588769 0.569077 0.550387 0.532665 0.515879 0.499993 0.484970 0.470774 0.457370 0.444722 0.432798 0.421565 0.410991 0.401050 0.391712 0.382953 0.374749 0.367077 0.359918 0.353251 0.347059 0.341326 0.336037 0.331178 0.326738 0.322705 0.319069 0.315822 0.312954 0.310459 0.308332 0.306567 0.305160 0.304108 0.303408 0.303058 0.303058 0.303408 0.304108 0.305160 0.306567 0.308332 0.310459 0.312954 0.315822 0.319069 0.322705 0.326738 0.331178 0.336037 0.341326 0.347059 0.353251 0.359918 0.367077 0.374749 0.382953 0.391712 0.401050 0.410991 0.421565 0.432798 0.444722 0.457370 0.470774 0.484970 0.499993 0.515879 0.532665 0.550387 0.569077 0.588769 0.609489 0.631260 0.654098 0.678010 0.702993 0.729030 0.756090 0.784127 0.813075 0.842851 0.873352 0.904460 0.936038 0.967938 1.000000 ; ...
1.000000 0.969417 0.938975 0.908813 0.879060 0.849836 0.821250 0.793393 0.766344 0.740165 0.714904 0.690594 0.667255 0.644899 0.623523 0.603120 0.583675 0.565167 0.547573 0.530865 0.515015 0.499992 0.485766 0.472305 0.459580 0.447561 0.436218 0.425526 0.415458 0.405988 0.397094 0.388753 0.380944 0.373650 0.366850 0.360530 0.354674 0.349267 0.344297 0.339753 0.335622 0.331897 0.328567 0.325626 0.323068 0.320885 0.319073 0.317629 0.316548 0.315829 0.315470 0.315470 0.315829 0.316548 0.317629 0.319073 0.320885 0.323068 0.325626 0.328567 0.331897 0.335622 0.339753 0.344297 0.349267 0.354674 0.360530 0.366850 0.373650 0.380944 0.388753 0.397094 0.405988 0.415458 0.425526 0.436218 0.447561 0.459580 0.472305 0.485766 0.499992 0.515015 0.530865 0.547573 0.565167 0.583675 0.603120 0.623523 0.644899 0.667255 0.690594 0.714904 0.740165 0.766344 0.793393 0.821250 0.849836 0.879060 0.908813 0.938975 0.969417 1.000000 ; ...
1.000000 0.970755 0.941633 0.912755 0.884237 0.856185 0.828695 0.801852 0.775728 0.750383 0.725864 0.702205 0.679431 0.657556 0.636584 0.616513 0.597334 0.579034 0.561594 0.544994 0.529210 0.514218 0.499992 0.486505 0.473732 0.461646 0.450223 0.439437 0.429267 0.419688 0.410680 0.402223 0.394298 0.386886 0.379971 0.373538 0.367572 0.362061 0.356991 0.352352 0.348134 0.344328 0.340924 0.337917 0.335300 0.333066 0.331212 0.329733 0.328627 0.327891 0.327523 0.327523 0.327891 0.328627 0.329733 0.331212 0.333066 0.335300 0.337917 0.340924 0.344328 0.348134 0.352352 0.356991 0.362061 0.367572 0.373538 0.379971 0.386886 0.394298 0.402223 0.410680 0.419688 0.429267 0.439437 0.450223 0.461646 0.473732 0.486505 0.499992 0.514218 0.529210 0.544994 0.561594 0.579034 0.597334 0.616513 0.636584 0.657556 0.679431 0.702205 0.725864 0.750383 0.775728 0.801852 0.828695 0.856185 0.884237 0.912755 0.941633 0.970755 1.000000 ; ...
1.000000 0.971969 0.944046 0.916339 0.888949 0.861971 0.835493 0.809591 0.784333 0.759775 0.735963 0.712932 0.690709 0.669310 0.648744 0.629013 0.610115 0.592040 0.574776 0.558307 0.542614 0.527678 0.513478 0.499991 0.487195 0.475069 0.463589 0.452734 0.442484 0.432818 0.423717 0.415162 0.407137 0.399625 0.392610 0.386079 0.380017 0.374413 0.369254 0.364532 0.360235 0.356355 0.352886 0.349818 0.347148 0.344868 0.342975 0.341466 0.340336 0.339584 0.339208 0.339208 0.339584 0.340336 0.341466 0.342975 0.344868 0.347148 0.349818 0.352886 0.356355 0.360235 0.364532 0.369254 0.374413 0.380017 0.386079 0.392610 0.399625 0.407137 0.415162 0.423717 0.432818 0.442484 0.452734 0.463589 0.475069 0.487195 0.499991 0.513478 0.527678 0.542614 0.558307 0.574776 0.592040 0.610115 0.629013 0.648744 0.669310 0.690709 0.712932 0.735963 0.759775 0.784333 0.809591 0.835493 0.861971 0.888949 0.916339 0.944046 0.971969 1.000000 ; ...
1.000000 0.973074 0.946244 0.919605 0.893248 0.867258 0.841714 0.816687 0.792238 0.768422 0.745281 0.722852 0.701162 0.680230 0.660068 0.640682 0.622073 0.604236 0.587163 0.570842 0.555261 0.540403 0.526251 0.512786 0.499990 0.487845 0.476329 0.465426 0.455117 0.445382 0.436206 0.427572 0.419464 0.411867 0.404766 0.398149 0.392004 0.386318 0.381082 0.376285 0.371918 0.367974 0.364444 0.361323 0.358604 0.356283 0.354356 0.352818 0.351667 0.350901 0.350518 0.350518 0.350901 0.351667 0.352818 0.354356 0.356283 0.358604 0.361323 0.364444 0.367974 0.371918 0.376285 0.381082 0.386318 0.392004 0.398149 0.404766 0.411867 0.419464 0.427572 0.436206 0.445382 0.455117 0.465426 0.476329 0.487845 0.499990 0.512786 0.526251 0.540403 0.555261 0.570842 0.587163 0.604236 0.622073 0.640682 0.660068 0.680230 0.701162 0.722852 0.745281 0.768422 0.792238 0.816687 0.841714 0.867258 0.893248 0.919605 0.946244 0.973074 1.000000 ; ...
1.000000 0.974082 0.948250 0.922589 0.897180 0.872099 0.847419 0.823204 0.799511 0.776392 0.753887 0.732033 0.710857 0.690380 0.670616 0.651574 0.633258 0.615667 0.598797 0.582639 0.567185 0.552422 0.538336 0.524912 0.512136 0.499990 0.488458 0.477525 0.467174 0.457389 0.448154 0.439456 0.431280 0.423611 0.416439 0.409749 0.403531 0.397775 0.392470 0.387608 0.383179 0.379177 0.375594 0.372425 0.369664 0.367305 0.365346 0.363783 0.362613 0.361834 0.361445 0.361445 0.361834 0.362613 0.363783 0.365346 0.367305 0.369664 0.372425 0.375594 0.379177 0.383179 0.387608 0.392470 0.397775 0.403531 0.409749 0.416439 0.423611 0.431280 0.439456 0.448154 0.457389 0.467174 0.477525 0.488458 0.499990 0.512136 0.524912 0.538336 0.552422 0.567185 0.582639 0.598797 0.615667 0.633258 0.651574 0.670616 0.690380 0.710857 0.732033 0.753887 0.776392 0.799511 0.823204 0.847419 0.872099 0.897180 0.922589 0.948250 0.974082 1.000000 ; ...
1.000000 0.975005 0.950087 0.925322 0.900783 0.876541 0.852659 0.829198 0.806212 0.783746 0.761843 0.740537 0.719854 0.699817 0.680443 0.661741 0.643718 0.626378 0.609717 0.593733 0.578418 0.563763 0.549759 0.536392 0.523650 0.511521 0.499989 0.489042 0.478665 0.468844 0.459566 0.450818 0.442587 0.434861 0.427628 0.420877 0.414597 0.408780 0.403416 0.398497 0.394014 0.389961 0.386331 0.383119 0.380320 0.377928 0.375941 0.374355 0.373168 0.372378 0.371983 0.371983 0.372378 0.373168 0.374355 0.375941 0.377928 0.380320 0.383119 0.386331 0.389961 0.394014 0.398497 0.403416 0.408780 0.414597 0.420877 0.427628 0.434861 0.442587 0.450818 0.459566 0.468844 0.478665 0.489042 0.499989 0.511521 0.523650 0.536392 0.549759 0.563763 0.578418 0.593733 0.609717 0.626378 0.643718 0.661741 0.680443 0.699817 0.719854 0.740537 0.761843 0.783746 0.806212 0.829198 0.852659 0.876541 0.900783 0.925322 0.950087 0.975005 1.000000 ; ...
1.000000 0.975850 0.951770 0.927828 0.904090 0.880621 0.857478 0.834718 0.812390 0.790539 0.769203 0.748416 0.728205 0.708592 0.689596 0.671228 0.653497 0.636408 0.619962 0.604158 0.588991 0.574455 0.560543 0.547246 0.534553 0.522453 0.510936 0.499989 0.489600 0.479757 0.470449 0.461663 0.453390 0.445617 0.438335 0.431533 0.425202 0.419333 0.413918 0.408949 0.404419 0.400321 0.396650 0.393401 0.390568 0.388147 0.386135 0.384529 0.383326 0.382526 0.382126 0.382126 0.382526 0.383326 0.384529 0.386135 0.388147 0.390568 0.393401 0.396650 0.400321 0.404419 0.408949 0.413918 0.419333 0.425202 0.431533 0.438335 0.445617 0.453390 0.461663 0.470449 0.479757 0.489600 0.499989 0.510936 0.522453 0.534553 0.547246 0.560543 0.574455 0.588991 0.604158 0.619962 0.636408 0.653497 0.671228 0.689596 0.708592 0.728205 0.748416 0.769203 0.790539 0.812390 0.834718 0.857478 0.880621 0.904090 0.927828 0.951770 0.975850 1.000000 ; ...
1.000000 0.976626 0.953315 0.930129 0.907129 0.884373 0.861915 0.839806 0.818092 0.796816 0.776014 0.755719 0.735957 0.716751 0.698121 0.680078 0.662634 0.645795 0.629565 0.613945 0.598932 0.584523 0.570713 0.557496 0.544862 0.532804 0.521312 0.510377 0.499988 0.490135 0.480808 0.471997 0.463692 0.455883 0.448561 0.441717 0.435343 0.429431 0.423973 0.418962 0.414391 0.410255 0.406549 0.403266 0.400403 0.397957 0.395923 0.394299 0.393083 0.392273 0.391869 0.391869 0.392273 0.393083 0.394299 0.395923 0.397957 0.400403 0.403266 0.406549 0.410255 0.414391 0.418962 0.423973 0.429431 0.435343 0.441717 0.448561 0.455883 0.463692 0.471997 0.480808 0.490135 0.499988 0.510377 0.521312 0.532804 0.544862 0.557496 0.570713 0.584523 0.598932 0.613945 0.629565 0.645795 0.662634 0.680078 0.698121 0.716751 0.735957 0.755719 0.776014 0.796816 0.818092 0.839806 0.861915 0.884373 0.907129 0.930129 0.953315 0.976626 1.000000 ; ...
1.000000 0.977339 0.954735 0.932245 0.909925 0.887828 0.866003 0.844498 0.823357 0.802619 0.782319 0.762488 0.743153 0.724336 0.706057 0.688330 0.671166 0.654574 0.638559 0.623124 0.608269 0.593992 0.580291 0.567161 0.554596 0.542589 0.531132 0.520219 0.509840 0.499987 0.490652 0.481825 0.473497 0.465662 0.458309 0.451433 0.445024 0.439076 0.433581 0.428534 0.423929 0.419760 0.416022 0.412711 0.409823 0.407354 0.405301 0.403661 0.402433 0.401616 0.401207 0.401207 0.401616 0.402433 0.403661 0.405301 0.407354 0.409823 0.412711 0.416022 0.419760 0.423929 0.428534 0.433581 0.439076 0.445024 0.451433 0.458309 0.465662 0.473497 0.481825 0.490652 0.499987 0.509840 0.520219 0.531132 0.542589 0.554596 0.567161 0.580291 0.593992 0.608269 0.623124 0.638559 0.654574 0.671166 0.688330 0.706057 0.724336 0.743153 0.762488 0.782319 0.802619 0.823357 0.844498 0.866003 0.887828 0.909925 0.932245 0.954735 0.977339 1.000000 ; ...
1.000000 0.977994 0.956040 0.934192 0.912498 0.891009 0.869771 0.848827 0.828219 0.807984 0.788154 0.768761 0.749830 0.731384 0.713441 0.696018 0.679126 0.662776 0.646973 0.631723 0.617027 0.602886 0.589299 0.576262 0.563771 0.551822 0.540410 0.529527 0.519167 0.509322 0.499987 0.491152 0.482811 0.474957 0.467582 0.460680 0.454243 0.448266 0.442742 0.437665 0.433031 0.428834 0.425070 0.421734 0.418823 0.416335 0.414265 0.412612 0.411373 0.410549 0.410137 0.410137 0.410549 0.411373 0.412612 0.414265 0.416335 0.418823 0.421734 0.425070 0.428834 0.433031 0.437665 0.442742 0.448266 0.454243 0.460680 0.467582 0.474957 0.482811 0.491152 0.499987 0.509322 0.519167 0.529527 0.540410 0.551822 0.563771 0.576262 0.589299 0.602886 0.617027 0.631723 0.646973 0.662776 0.679126 0.696018 0.713441 0.731384 0.749830 0.768761 0.788154 0.807984 0.828219 0.848827 0.869771 0.891009 0.912498 0.934192 0.956040 0.977994 1.000000 ; ...
1.000000 0.978596 0.957241 0.935983 0.914867 0.893940 0.873244 0.852821 0.832709 0.812942 0.793554 0.774572 0.756022 0.737927 0.720306 0.703174 0.686545 0.670429 0.654835 0.639768 0.625231 0.611227 0.597755 0.584815 0.572405 0.560520 0.549157 0.538311 0.527977 0.518149 0.508821 0.499986 0.491639 0.483774 0.476383 0.469462 0.463004 0.457003 0.451455 0.446354 0.441696 0.437475 0.433688 0.430332 0.427402 0.424896 0.422812 0.421147 0.419900 0.419070 0.418654 0.418654 0.419070 0.419900 0.421147 0.422812 0.424896 0.427402 0.430332 0.433688 0.437475 0.441696 0.446354 0.451455 0.457003 0.463004 0.469462 0.476383 0.483774 0.491639 0.499986 0.508821 0.518149 0.527977 0.538311 0.549157 0.560520 0.572405 0.584815 0.597755 0.611227 0.625231 0.639768 0.654835 0.670429 0.686545 0.703174 0.720306 0.737927 0.756022 0.774572 0.793554 0.812942 0.832709 0.852821 0.873244 0.893940 0.914867 0.935983 0.957241 0.978596 1.000000 ; ...
1.000000 0.979151 0.958346 0.937630 0.917047 0.896639 0.876445 0.856504 0.836852 0.817523 0.798547 0.779951 0.761760 0.743997 0.726681 0.709828 0.693451 0.677562 0.662170 0.647282 0.632902 0.619035 0.605680 0.592840 0.580513 0.568696 0.557388 0.546584 0.536282 0.526475 0.517161 0.508332 0.499985 0.492115 0.484715 0.477780 0.471306 0.465288 0.459721 0.454601 0.449922 0.445682 0.441877 0.438503 0.435557 0.433037 0.430940 0.429266 0.428011 0.427175 0.426757 0.426757 0.427175 0.428011 0.429266 0.430940 0.433037 0.435557 0.438503 0.441877 0.445682 0.449922 0.454601 0.459721 0.465288 0.471306 0.477780 0.484715 0.492115 0.499985 0.508332 0.517161 0.526475 0.536282 0.546584 0.557388 0.568696 0.580513 0.592840 0.605680 0.619035 0.632902 0.647282 0.662170 0.677562 0.693451 0.709828 0.726681 0.743997 0.761760 0.779951 0.798547 0.817523 0.836852 0.856504 0.876445 0.896639 0.917047 0.937630 0.958346 0.979151 1.000000 ; ...
1.000000 0.979660 0.959362 0.939146 0.919053 0.899123 0.879393 0.859898 0.840674 0.821751 0.803159 0.784924 0.767071 0.749621 0.732593 0.716004 0.699869 0.684198 0.669001 0.654287 0.640062 0.626329 0.613092 0.600352 0.588109 0.576364 0.565114 0.554357 0.544090 0.534311 0.525014 0.516197 0.507856 0.499985 0.492580 0.485638 0.479154 0.473123 0.467541 0.462405 0.457710 0.453455 0.449634 0.446245 0.443286 0.440754 0.438647 0.436964 0.435702 0.434862 0.434442 0.434442 0.434862 0.435702 0.436964 0.438647 0.440754 0.443286 0.446245 0.449634 0.453455 0.457710 0.462405 0.467541 0.473123 0.479154 0.485638 0.492580 0.499985 0.507856 0.516197 0.525014 0.534311 0.544090 0.554357 0.565114 0.576364 0.588109 0.600352 0.613092 0.626329 0.640062 0.654287 0.669001 0.684198 0.699869 0.716004 0.732593 0.749621 0.767071 0.784924 0.803159 0.821751 0.840674 0.859898 0.879393 0.899123 0.919053 0.939146 0.959362 0.979660 1.000000 ; ...
1.000000 0.980128 0.960294 0.940538 0.920897 0.901407 0.882104 0.863022 0.844194 0.825648 0.807413 0.789516 0.771978 0.754822 0.738067 0.721728 0.705821 0.690359 0.675350 0.660804 0.646728 0.633128 0.620006 0.607366 0.595209 0.583536 0.572346 0.561639 0.551411 0.541662 0.532389 0.523587 0.515255 0.507389 0.499984 0.493038 0.486547 0.480507 0.474915 0.469767 0.465061 0.460792 0.456959 0.453558 0.450588 0.448046 0.445930 0.444240 0.442973 0.442129 0.441707 0.441707 0.442129 0.442973 0.444240 0.445930 0.448046 0.450588 0.453558 0.456959 0.460792 0.465061 0.469767 0.474915 0.480507 0.486547 0.493038 0.499984 0.507389 0.515255 0.523587 0.532389 0.541662 0.551411 0.561639 0.572346 0.583536 0.595209 0.607366 0.620006 0.633128 0.646728 0.660804 0.675350 0.690359 0.705821 0.721728 0.738067 0.754822 0.771978 0.789516 0.807413 0.825648 0.844194 0.863022 0.882104 0.901407 0.920897 0.940538 0.960294 0.980128 1.000000 ; ...
1.000000 0.980557 0.961150 0.941815 0.922589 0.903504 0.884595 0.865894 0.847430 0.829234 0.811331 0.793747 0.776504 0.759623 0.743123 0.727021 0.711331 0.696065 0.681236 0.666852 0.652920 0.639448 0.626439 0.613897 0.601826 0.590225 0.579097 0.568440 0.558255 0.548539 0.539291 0.530508 0.522189 0.514331 0.506930 0.499984 0.493490 0.487444 0.481845 0.476689 0.471972 0.467694 0.463851 0.460441 0.457461 0.454911 0.452788 0.451092 0.449821 0.448973 0.448550 0.448550 0.448973 0.449821 0.451092 0.452788 0.454911 0.457461 0.460441 0.463851 0.467694 0.471972 0.476689 0.481845 0.487444 0.493490 0.499984 0.506930 0.514331 0.522189 0.530508 0.539291 0.548539 0.558255 0.568440 0.579097 0.590225 0.601826 0.613897 0.626439 0.639448 0.652920 0.666852 0.681236 0.696065 0.711331 0.727021 0.743123 0.759623 0.776504 0.793747 0.811331 0.829234 0.847430 0.865894 0.884595 0.903504 0.922589 0.941815 0.961150 0.980557 1.000000 ; ...
1.000000 0.980950 0.961933 0.942985 0.924138 0.905425 0.886878 0.868527 0.850400 0.832526 0.814930 0.797637 0.780668 0.764043 0.747782 0.731901 0.716415 0.701336 0.686677 0.672446 0.658653 0.645304 0.632404 0.619959 0.607971 0.596443 0.585376 0.574771 0.564628 0.554947 0.545727 0.536966 0.528662 0.520815 0.513420 0.506477 0.499983 0.493936 0.488332 0.483170 0.478447 0.474161 0.470310 0.466892 0.463906 0.461349 0.459221 0.457519 0.456244 0.455394 0.454970 0.454970 0.455394 0.456244 0.457519 0.459221 0.461349 0.463906 0.466892 0.470310 0.474161 0.478447 0.483170 0.488332 0.493936 0.499983 0.506477 0.513420 0.520815 0.528662 0.536966 0.545727 0.554947 0.564628 0.574771 0.585376 0.596443 0.607971 0.619959 0.632404 0.645304 0.658653 0.672446 0.686677 0.701336 0.716415 0.731901 0.747782 0.764043 0.780668 0.797637 0.814930 0.832526 0.850400 0.868527 0.886878 0.905425 0.924138 0.942985 0.961933 0.980950 1.000000 ; ...
1.000000 0.981308 0.962649 0.944053 0.925554 0.907181 0.888965 0.870935 0.853118 0.835540 0.818227 0.801202 0.784486 0.768100 0.752061 0.736387 0.721091 0.706188 0.691688 0.677603 0.663941 0.650710 0.637915 0.625563 0.613656 0.602198 0.591192 0.580639 0.570540 0.560895 0.551704 0.542966 0.534680 0.526845 0.519460 0.512522 0.506031 0.499983 0.494377 0.489211 0.484484 0.480193 0.476337 0.472913 0.469921 0.467359 0.465226 0.463520 0.462242 0.461390 0.460965 0.460965 0.461390 0.462242 0.463520 0.465226 0.467359 0.469921 0.472913 0.476337 0.480193 0.484484 0.489211 0.494377 0.499983 0.506031 0.512522 0.519460 0.526845 0.534680 0.542966 0.551704 0.560895 0.570540 0.580639 0.591192 0.602198 0.613656 0.625563 0.637915 0.650710 0.663941 0.677603 0.691688 0.706188 0.721091 0.736387 0.752061 0.768100 0.784486 0.801202 0.818227 0.835540 0.853118 0.870935 0.888965 0.907181 0.925554 0.944053 0.962649 0.981308 1.000000 ; ...
1.000000 0.981635 0.963300 0.945026 0.926843 0.908780 0.890867 0.873130 0.855596 0.838290 0.821237 0.804458 0.787976 0.771809 0.755976 0.740493 0.725375 0.710635 0.696286 0.682337 0.668799 0.655679 0.642985 0.630721 0.618892 0.607503 0.596556 0.586054 0.575998 0.566389 0.557227 0.548513 0.540247 0.532426 0.525052 0.518121 0.511634 0.505588 0.499982 0.494815 0.490085 0.485790 0.481930 0.478502 0.475506 0.472940 0.470803 0.469095 0.467814 0.466960 0.466534 0.466534 0.466960 0.467814 0.469095 0.470803 0.472940 0.475506 0.478502 0.481930 0.485790 0.490085 0.494815 0.499982 0.505588 0.511634 0.518121 0.525052 0.532426 0.540247 0.548513 0.557227 0.566389 0.575998 0.586054 0.596556 0.607503 0.618892 0.630721 0.642985 0.655679 0.668799 0.682337 0.696286 0.710635 0.725375 0.740493 0.755976 0.771809 0.787976 0.804458 0.821237 0.838290 0.855596 0.873130 0.890867 0.908780 0.926843 0.945026 0.963300 0.981635 1.000000 ; ...
1.000000 0.981930 0.963890 0.945908 0.928012 0.910231 0.892592 0.875121 0.857845 0.840787 0.823971 0.807418 0.791150 0.775185 0.759541 0.744235 0.729281 0.714692 0.700482 0.686661 0.673239 0.660224 0.647623 0.635443 0.623689 0.612365 0.601475 0.591023 0.581009 0.571435 0.562304 0.553614 0.545367 0.537562 0.530199 0.523277 0.516796 0.510753 0.505149 0.499982 0.495251 0.490954 0.487091 0.483660 0.480660 0.478091 0.475952 0.474241 0.472958 0.472104 0.471676 0.471676 0.472104 0.472958 0.474241 0.475952 0.478091 0.480660 0.483660 0.487091 0.490954 0.495251 0.499982 0.505149 0.510753 0.516796 0.523277 0.530199 0.537562 0.545367 0.553614 0.562304 0.571435 0.581009 0.591023 0.601475 0.612365 0.623689 0.635443 0.647623 0.660224 0.673239 0.686661 0.700482 0.714692 0.729281 0.744235 0.759541 0.775185 0.791150 0.807418 0.823971 0.840787 0.857845 0.875121 0.892592 0.910231 0.928012 0.945908 0.963890 0.981930 1.000000 ; ...
1.000000 0.982197 0.964422 0.946702 0.929066 0.911539 0.894148 0.876919 0.859876 0.843043 0.826442 0.810094 0.794021 0.778240 0.762769 0.747624 0.732820 0.718372 0.704290 0.690587 0.677272 0.664354 0.651841 0.639739 0.628055 0.616793 0.605958 0.595552 0.585579 0.576040 0.566938 0.558272 0.550045 0.542256 0.534905 0.527993 0.521518 0.515480 0.509879 0.504713 0.499981 0.495684 0.491819 0.488386 0.485385 0.482813 0.480672 0.478959 0.477675 0.476820 0.476392 0.476392 0.476820 0.477675 0.478959 0.480672 0.482813 0.485385 0.488386 0.491819 0.495684 0.499981 0.504713 0.509879 0.515480 0.521518 0.527993 0.534905 0.542256 0.550045 0.558272 0.566938 0.576040 0.585579 0.595552 0.605958 0.616793 0.628055 0.639739 0.651841 0.664354 0.677272 0.690587 0.704290 0.718372 0.732820 0.747624 0.762769 0.778240 0.794021 0.810094 0.826442 0.843043 0.859876 0.876919 0.894148 0.911539 0.929066 0.946702 0.964422 0.982197 1.000000 ; ...
1.000000 0.982436 0.964898 0.947414 0.930010 0.912711 0.895543 0.878531 0.861697 0.845066 0.828659 0.812497 0.796599 0.780984 0.765670 0.750672 0.736005 0.721683 0.707719 0.694124 0.680908 0.668079 0.655647 0.643619 0.632000 0.620795 0.610011 0.599649 0.589714 0.580209 0.571134 0.562493 0.554285 0.546512 0.539174 0.532271 0.525803 0.519771 0.514173 0.509009 0.504279 0.499981 0.496116 0.492682 0.489679 0.487106 0.484963 0.483249 0.481964 0.481107 0.480679 0.480679 0.481107 0.481964 0.483249 0.484963 0.487106 0.489679 0.492682 0.496116 0.499981 0.504279 0.509009 0.514173 0.519771 0.525803 0.532271 0.539174 0.546512 0.554285 0.562493 0.571134 0.580209 0.589714 0.599649 0.610011 0.620795 0.632000 0.643619 0.655647 0.668079 0.680908 0.694124 0.707719 0.721683 0.736005 0.750672 0.765670 0.780984 0.796599 0.812497 0.828659 0.845066 0.861697 0.878531 0.895543 0.912711 0.930010 0.947414 0.964898 0.982436 1.000000 ; ...
1.000000 0.982648 0.965322 0.948047 0.930849 0.913753 0.896783 0.879963 0.863316 0.846865 0.830631 0.814634 0.798894 0.783428 0.768254 0.753388 0.738845 0.724638 0.710780 0.697282 0.684155 0.671409 0.659050 0.647088 0.635529 0.624378 0.613640 0.603320 0.593421 0.583946 0.574898 0.566279 0.558090 0.550332 0.543007 0.536114 0.529654 0.523627 0.518033 0.512872 0.508143 0.503846 0.499981 0.496546 0.493543 0.490969 0.488825 0.487110 0.485824 0.484967 0.484539 0.484539 0.484967 0.485824 0.487110 0.488825 0.490969 0.493543 0.496546 0.499981 0.503846 0.508143 0.512872 0.518033 0.523627 0.529654 0.536114 0.543007 0.550332 0.558090 0.566279 0.574898 0.583946 0.593421 0.603320 0.613640 0.624378 0.635529 0.647088 0.659050 0.671409 0.684155 0.697282 0.710780 0.724638 0.738845 0.753388 0.768254 0.783428 0.798894 0.814634 0.830631 0.846865 0.863316 0.879963 0.896783 0.913753 0.930849 0.948047 0.965322 0.982648 1.000000 ; ...
1.000000 0.982834 0.965693 0.948602 0.931586 0.914668 0.897872 0.881222 0.864740 0.848448 0.832366 0.816516 0.800914 0.785581 0.770531 0.755782 0.741349 0.727244 0.713480 0.700070 0.687023 0.674349 0.662057 0.650155 0.638650 0.627547 0.616852 0.606569 0.596703 0.587257 0.578234 0.569635 0.561464 0.553721 0.546407 0.539524 0.533071 0.527050 0.521461 0.516302 0.511576 0.507280 0.503415 0.499980 0.496976 0.494402 0.492257 0.490542 0.489256 0.488398 0.487970 0.487970 0.488398 0.489256 0.490542 0.492257 0.494402 0.496976 0.499980 0.503415 0.507280 0.511576 0.516302 0.521461 0.527050 0.533071 0.539524 0.546407 0.553721 0.561464 0.569635 0.578234 0.587257 0.596703 0.606569 0.616852 0.627547 0.638650 0.650155 0.662057 0.674349 0.687023 0.700070 0.713480 0.727244 0.741349 0.755782 0.770531 0.785581 0.800914 0.816516 0.832366 0.848448 0.864740 0.881222 0.897872 0.914668 0.931586 0.948602 0.965693 0.982834 1.000000 ; ...
1.000000 0.982995 0.966015 0.949083 0.932224 0.915460 0.898816 0.882313 0.865974 0.849820 0.833871 0.818147 0.802667 0.787448 0.772508 0.757861 0.743523 0.729508 0.715827 0.702493 0.689517 0.676908 0.664675 0.652826 0.641368 0.630308 0.619651 0.609402 0.599566 0.590145 0.581144 0.572565 0.564409 0.556680 0.549377 0.542503 0.536058 0.530042 0.524457 0.519302 0.514577 0.510283 0.506418 0.502984 0.499980 0.497406 0.495261 0.493545 0.492258 0.491401 0.490972 0.490972 0.491401 0.492258 0.493545 0.495261 0.497406 0.499980 0.502984 0.506418 0.510283 0.514577 0.519302 0.524457 0.530042 0.536058 0.542503 0.549377 0.556680 0.564409 0.572565 0.581144 0.590145 0.599566 0.609402 0.619651 0.630308 0.641368 0.652826 0.664675 0.676908 0.689517 0.702493 0.715827 0.729508 0.743523 0.757861 0.772508 0.787448 0.802667 0.818147 0.833871 0.849820 0.865974 0.882313 0.898816 0.915460 0.932224 0.949083 0.966015 0.982995 1.000000 ; ...
1.000000 0.983132 0.966289 0.949492 0.932766 0.916134 0.899618 0.883240 0.867023 0.850986 0.835151 0.819535 0.804159 0.789038 0.774191 0.759632 0.745376 0.731437 0.717828 0.704560 0.691644 0.679090 0.666908 0.655105 0.643689 0.632666 0.622042 0.611823 0.602012 0.592614 0.583633 0.575070 0.566929 0.559211 0.551919 0.545053 0.538614 0.532604 0.527023 0.521871 0.517148 0.512855 0.508992 0.505558 0.502554 0.499980 0.497835 0.496119 0.494832 0.493974 0.493545 0.493545 0.493974 0.494832 0.496119 0.497835 0.499980 0.502554 0.505558 0.508992 0.512855 0.517148 0.521871 0.527023 0.532604 0.538614 0.545053 0.551919 0.559211 0.566929 0.575070 0.583633 0.592614 0.602012 0.611823 0.622042 0.632666 0.643689 0.655105 0.666908 0.679090 0.691644 0.704560 0.717828 0.731437 0.745376 0.759632 0.774191 0.789038 0.804159 0.819535 0.835151 0.850986 0.867023 0.883240 0.899618 0.916134 0.932766 0.949492 0.966289 0.983132 1.000000 ; ...
1.000000 0.983246 0.966515 0.949830 0.933215 0.916691 0.900281 0.884008 0.867891 0.851952 0.836210 0.820685 0.805394 0.790355 0.775585 0.761099 0.746911 0.733036 0.719486 0.706274 0.693409 0.680902 0.668762 0.656998 0.645617 0.634625 0.624029 0.613835 0.604046 0.594667 0.585702 0.577154 0.569025 0.561318 0.554034 0.547175 0.540743 0.534737 0.529159 0.524010 0.519289 0.514998 0.511136 0.507703 0.504699 0.502125 0.499980 0.498264 0.496977 0.496119 0.495690 0.495690 0.496119 0.496977 0.498264 0.499980 0.502125 0.504699 0.507703 0.511136 0.514998 0.519289 0.524010 0.529159 0.534737 0.540743 0.547175 0.554034 0.561318 0.569025 0.577154 0.585702 0.594667 0.604046 0.613835 0.624029 0.634625 0.645617 0.656998 0.668762 0.680902 0.693409 0.706274 0.719486 0.733036 0.746911 0.761099 0.775585 0.790355 0.805394 0.820685 0.836210 0.851952 0.867891 0.884008 0.900281 0.916691 0.933215 0.949830 0.966515 0.983246 1.000000 ; ...
1.000000 0.983336 0.966695 0.950099 0.933571 0.917134 0.900809 0.884618 0.868582 0.852720 0.837053 0.821599 0.806377 0.791404 0.776695 0.762267 0.748134 0.734311 0.720808 0.707640 0.694816 0.682346 0.670241 0.658508 0.647154 0.636188 0.625615 0.615441 0.605670 0.596307 0.587355 0.578819 0.570700 0.563001 0.555725 0.548872 0.542444 0.536442 0.530867 0.525721 0.521002 0.516712 0.512850 0.509418 0.506415 0.503841 0.501696 0.499980 0.498693 0.497835 0.497406 0.497406 0.497835 0.498693 0.499980 0.501696 0.503841 0.506415 0.509418 0.512850 0.516712 0.521002 0.525721 0.530867 0.536442 0.542444 0.548872 0.555725 0.563001 0.570700 0.578819 0.587355 0.596307 0.605670 0.615441 0.625615 0.636188 0.647154 0.658508 0.670241 0.682346 0.694816 0.707640 0.720808 0.734311 0.748134 0.762267 0.776695 0.791404 0.806377 0.821599 0.837053 0.852720 0.868582 0.884618 0.900809 0.917134 0.933571 0.950099 0.966695 0.983336 1.000000 ; ...
1.000000 0.983403 0.966829 0.950299 0.933837 0.917465 0.901203 0.885074 0.869097 0.853294 0.837683 0.822283 0.807112 0.792187 0.777525 0.763140 0.749049 0.735263 0.721797 0.708662 0.695868 0.683427 0.671347 0.659637 0.648305 0.637358 0.626802 0.616643 0.606886 0.597534 0.588593 0.580066 0.571955 0.564263 0.556991 0.550143 0.543719 0.537720 0.532148 0.527003 0.522286 0.517997 0.514136 0.510704 0.507701 0.505127 0.502982 0.501266 0.499979 0.499122 0.498693 0.498693 0.499122 0.499979 0.501266 0.502982 0.505127 0.507701 0.510704 0.514136 0.517997 0.522286 0.527003 0.532148 0.537720 0.543719 0.550143 0.556991 0.564263 0.571955 0.580066 0.588593 0.597534 0.606886 0.616643 0.626802 0.637358 0.648305 0.659637 0.671347 0.683427 0.695868 0.708662 0.721797 0.735263 0.749049 0.763140 0.777525 0.792187 0.807112 0.822283 0.837683 0.853294 0.869097 0.885074 0.901203 0.917465 0.933837 0.950299 0.966829 0.983403 1.000000 ; ...
1.000000 0.983448 0.966918 0.950433 0.934014 0.917685 0.901465 0.885377 0.869440 0.853675 0.838101 0.822737 0.807600 0.792708 0.778076 0.763721 0.749657 0.735897 0.722455 0.709341 0.696568 0.684146 0.672083 0.660389 0.649071 0.638137 0.627593 0.617444 0.607695 0.598352 0.589418 0.580897 0.572791 0.565103 0.557835 0.550990 0.544568 0.538572 0.533001 0.527858 0.523141 0.518853 0.514993 0.511562 0.508559 0.505985 0.503840 0.502124 0.500837 0.499979 0.499550 0.499550 0.499979 0.500837 0.502124 0.503840 0.505985 0.508559 0.511562 0.514993 0.518853 0.523141 0.527858 0.533001 0.538572 0.544568 0.550990 0.557835 0.565103 0.572791 0.580897 0.589418 0.598352 0.607695 0.617444 0.627593 0.638137 0.649071 0.660389 0.672083 0.684146 0.696568 0.709341 0.722455 0.735897 0.749657 0.763721 0.778076 0.792708 0.807600 0.822737 0.838101 0.853675 0.869440 0.885377 0.901465 0.917685 0.934014 0.950433 0.966918 0.983448 1.000000 ; ...
1.000000 0.983470 0.966962 0.950499 0.934103 0.917794 0.901596 0.885528 0.869611 0.853865 0.838310 0.822963 0.807844 0.792968 0.778352 0.764011 0.749960 0.736213 0.722783 0.709681 0.696918 0.684505 0.672451 0.660765 0.649454 0.638526 0.627987 0.617844 0.608100 0.598761 0.589830 0.581312 0.573208 0.565523 0.558257 0.551413 0.544993 0.538998 0.533428 0.528285 0.523569 0.519281 0.515421 0.511990 0.508988 0.506414 0.504269 0.502553 0.501266 0.500408 0.499979 0.499979 0.500408 0.501266 0.502553 0.504269 0.506414 0.508988 0.511990 0.515421 0.519281 0.523569 0.528285 0.533428 0.538998 0.544993 0.551413 0.558257 0.565523 0.573208 0.581312 0.589830 0.598761 0.608100 0.617844 0.627987 0.638526 0.649454 0.660765 0.672451 0.684505 0.696918 0.709681 0.722783 0.736213 0.749960 0.764011 0.778352 0.792968 0.807844 0.822963 0.838310 0.853865 0.869611 0.885528 0.901596 0.917794 0.934103 0.950499 0.966962 0.983470 1.000000 ; ...
1.000000 0.983470 0.966962 0.950499 0.934103 0.917794 0.901596 0.885528 0.869611 0.853865 0.838310 0.822963 0.807844 0.792968 0.778352 0.764011 0.749960 0.736213 0.722783 0.709681 0.696918 0.684505 0.672451 0.660765 0.649454 0.638526 0.627987 0.617844 0.608100 0.598761 0.589830 0.581312 0.573208 0.565523 0.558257 0.551413 0.544993 0.538998 0.533428 0.528285 0.523569 0.519281 0.515421 0.511990 0.508988 0.506414 0.504269 0.502553 0.501266 0.500408 0.499979 0.499979 0.500408 0.501266 0.502553 0.504269 0.506414 0.508988 0.511990 0.515421 0.519281 0.523569 0.528285 0.533428 0.538998 0.544993 0.551413 0.558257 0.565523 0.573208 0.581312 0.589830 0.598761 0.608100 0.617844 0.627987 0.638526 0.649454 0.660765 0.672451 0.684505 0.696918 0.709681 0.722783 0.736213 0.749960 0.764011 0.778352 0.792968 0.807844 0.822963 0.838310 0.853865 0.869611 0.885528 0.901596 0.917794 0.934103 0.950499 0.966962 0.983470 1.000000 ; ...
1.000000 0.983448 0.966918 0.950433 0.934014 0.917685 0.901465 0.885377 0.869440 0.853675 0.838101 0.822737 0.807600 0.792708 0.778076 0.763721 0.749657 0.735897 0.722455 0.709341 0.696568 0.684146 0.672083 0.660389 0.649071 0.638137 0.627593 0.617444 0.607695 0.598352 0.589418 0.580897 0.572791 0.565103 0.557835 0.550990 0.544568 0.538572 0.533001 0.527858 0.523141 0.518853 0.514993 0.511562 0.508559 0.505985 0.503840 0.502124 0.500837 0.499979 0.499550 0.499550 0.499979 0.500837 0.502124 0.503840 0.505985 0.508559 0.511562 0.514993 0.518853 0.523141 0.527858 0.533001 0.538572 0.544568 0.550990 0.557835 0.565103 0.572791 0.580897 0.589418 0.598352 0.607695 0.617444 0.627593 0.638137 0.649071 0.660389 0.672083 0.684146 0.696568 0.709341 0.722455 0.735897 0.749657 0.763721 0.778076 0.792708 0.807600 0.822737 0.838101 0.853675 0.869440 0.885377 0.901465 0.917685 0.934014 0.950433 0.966918 0.983448 1.000000 ; ...
1.000000 0.983403 0.966829 0.950299 0.933837 0.917465 0.901203 0.885074 0.869097 0.853294 0.837683 0.822283 0.807112 0.792187 0.777525 0.763140 0.749049 0.735263 0.721797 0.708662 0.695868 0.683427 0.671347 0.659637 0.648305 0.637358 0.626802 0.616643 0.606886 0.597534 0.588593 0.580066 0.571955 0.564263 0.556991 0.550143 0.543719 0.537720 0.532148 0.527003 0.522286 0.517997 0.514136 0.510704 0.507701 0.505127 0.502982 0.501266 0.499979 0.499122 0.498693 0.498693 0.499122 0.499979 0.501266 0.502982 0.505127 0.507701 0.510704 0.514136 0.517997 0.522286 0.527003 0.532148 0.537720 0.543719 0.550143 0.556991 0.564263 0.571955 0.580066 0.588593 0.597534 0.606886 0.616643 0.626802 0.637358 0.648305 0.659637 0.671347 0.683427 0.695868 0.708662 0.721797 0.735263 0.749049 0.763140 0.777525 0.792187 0.807112 0.822283 0.837683 0.853294 0.869097 0.885074 0.901203 0.917465 0.933837 0.950299 0.966829 0.983403 1.000000 ; ...
1.000000 0.983336 0.966695 0.950099 0.933571 0.917134 0.900809 0.884618 0.868582 0.852720 0.837053 0.821599 0.806377 0.791404 0.776695 0.762267 0.748134 0.734311 0.720808 0.707640 0.694816 0.682346 0.670241 0.658508 0.647154 0.636188 0.625615 0.615441 0.605670 0.596307 0.587355 0.578819 0.570700 0.563001 0.555725 0.548872 0.542444 0.536442 0.530867 0.525721 0.521002 0.516712 0.512850 0.509418 0.506415 0.503841 0.501696 0.499980 0.498693 0.497835 0.497406 0.497406 0.497835 0.498693 0.499980 0.501696 0.503841 0.506415 0.509418 0.512850 0.516712 0.521002 0.525721 0.530867 0.536442 0.542444 0.548872 0.555725 0.563001 0.570700 0.578819 0.587355 0.596307 0.605670 0.615441 0.625615 0.636188 0.647154 0.658508 0.670241 0.682346 0.694816 0.707640 0.720808 0.734311 0.748134 0.762267 0.776695 0.791404 0.806377 0.821599 0.837053 0.852720 0.868582 0.884618 0.900809 0.917134 0.933571 0.950099 0.966695 0.983336 1.000000 ; ...
1.000000 0.983246 0.966515 0.949830 0.933215 0.916691 0.900281 0.884008 0.867891 0.851952 0.836210 0.820685 0.805394 0.790355 0.775585 0.761099 0.746911 0.733036 0.719486 0.706274 0.693409 0.680902 0.668762 0.656998 0.645617 0.634625 0.624029 0.613835 0.604046 0.594667 0.585702 0.577154 0.569025 0.561318 0.554034 0.547175 0.540743 0.534737 0.529159 0.524010 0.519289 0.514998 0.511136 0.507703 0.504699 0.502125 0.499980 0.498264 0.496977 0.496119 0.495690 0.495690 0.496119 0.496977 0.498264 0.499980 0.502125 0.504699 0.507703 0.511136 0.514998 0.519289 0.524010 0.529159 0.534737 0.540743 0.547175 0.554034 0.561318 0.569025 0.577154 0.585702 0.594667 0.604046 0.613835 0.624029 0.634625 0.645617 0.656998 0.668762 0.680902 0.693409 0.706274 0.719486 0.733036 0.746911 0.761099 0.775585 0.790355 0.805394 0.820685 0.836210 0.851952 0.867891 0.884008 0.900281 0.916691 0.933215 0.949830 0.966515 0.983246 1.000000 ; ...
1.000000 0.983132 0.966289 0.949492 0.932766 0.916134 0.899618 0.883240 0.867023 0.850986 0.835151 0.819535 0.804159 0.789038 0.774191 0.759632 0.745376 0.731437 0.717828 0.704560 0.691644 0.679090 0.666908 0.655105 0.643689 0.632666 0.622042 0.611823 0.602012 0.592614 0.583633 0.575070 0.566929 0.559211 0.551919 0.545053 0.538614 0.532604 0.527023 0.521871 0.517148 0.512855 0.508992 0.505558 0.502554 0.499980 0.497835 0.496119 0.494832 0.493974 0.493545 0.493545 0.493974 0.494832 0.496119 0.497835 0.499980 0.502554 0.505558 0.508992 0.512855 0.517148 0.521871 0.527023 0.532604 0.538614 0.545053 0.551919 0.559211 0.566929 0.575070 0.583633 0.592614 0.602012 0.611823 0.622042 0.632666 0.643689 0.655105 0.666908 0.679090 0.691644 0.704560 0.717828 0.731437 0.745376 0.759632 0.774191 0.789038 0.804159 0.819535 0.835151 0.850986 0.867023 0.883240 0.899618 0.916134 0.932766 0.949492 0.966289 0.983132 1.000000 ; ...
1.000000 0.982995 0.966015 0.949083 0.932224 0.915460 0.898816 0.882313 0.865974 0.849820 0.833871 0.818147 0.802667 0.787448 0.772508 0.757861 0.743523 0.729508 0.715827 0.702493 0.689517 0.676908 0.664675 0.652826 0.641368 0.630308 0.619651 0.609402 0.599566 0.590145 0.581144 0.572565 0.564409 0.556680 0.549377 0.542503 0.536058 0.530042 0.524457 0.519302 0.514577 0.510283 0.506418 0.502984 0.499980 0.497406 0.495261 0.493545 0.492258 0.491401 0.490972 0.490972 0.491401 0.492258 0.493545 0.495261 0.497406 0.499980 0.502984 0.506418 0.510283 0.514577 0.519302 0.524457 0.530042 0.536058 0.542503 0.549377 0.556680 0.564409 0.572565 0.581144 0.590145 0.599566 0.609402 0.619651 0.630308 0.641368 0.652826 0.664675 0.676908 0.689517 0.702493 0.715827 0.729508 0.743523 0.757861 0.772508 0.787448 0.802667 0.818147 0.833871 0.849820 0.865974 0.882313 0.898816 0.915460 0.932224 0.949083 0.966015 0.982995 1.000000 ; ...
1.000000 0.982834 0.965693 0.948602 0.931586 0.914668 0.897872 0.881222 0.864740 0.848448 0.832366 0.816516 0.800914 0.785581 0.770531 0.755782 0.741349 0.727244 0.713480 0.700070 0.687023 0.674349 0.662057 0.650155 0.638650 0.627547 0.616852 0.606569 0.596703 0.587257 0.578234 0.569635 0.561464 0.553721 0.546407 0.539524 0.533071 0.527050 0.521461 0.516302 0.511576 0.507280 0.503415 0.499980 0.496976 0.494402 0.492257 0.490542 0.489256 0.488398 0.487970 0.487970 0.488398 0.489256 0.490542 0.492257 0.494402 0.496976 0.499980 0.503415 0.507280 0.511576 0.516302 0.521461 0.527050 0.533071 0.539524 0.546407 0.553721 0.561464 0.569635 0.578234 0.587257 0.596703 0.606569 0.616852 0.627547 0.638650 0.650155 0.662057 0.674349 0.687023 0.700070 0.713480 0.727244 0.741349 0.755782 0.770531 0.785581 0.800914 0.816516 0.832366 0.848448 0.864740 0.881222 0.897872 0.914668 0.931586 0.948602 0.965693 0.982834 1.000000 ; ...
1.000000 0.982648 0.965322 0.948047 0.930849 0.913753 0.896783 0.879963 0.863316 0.846865 0.830631 0.814634 0.798894 0.783428 0.768254 0.753388 0.738845 0.724638 0.710780 0.697282 0.684155 0.671409 0.659050 0.647088 0.635529 0.624378 0.613640 0.603320 0.593421 0.583946 0.574898 0.566279 0.558090 0.550332 0.543007 0.536114 0.529654 0.523627 0.518033 0.512872 0.508143 0.503846 0.499981 0.496546 0.493543 0.490969 0.488825 0.487110 0.485824 0.484967 0.484539 0.484539 0.484967 0.485824 0.487110 0.488825 0.490969 0.493543 0.496546 0.499981 0.503846 0.508143 0.512872 0.518033 0.523627 0.529654 0.536114 0.543007 0.550332 0.558090 0.566279 0.574898 0.583946 0.593421 0.603320 0.613640 0.624378 0.635529 0.647088 0.659050 0.671409 0.684155 0.697282 0.710780 0.724638 0.738845 0.753388 0.768254 0.783428 0.798894 0.814634 0.830631 0.846865 0.863316 0.879963 0.896783 0.913753 0.930849 0.948047 0.965322 0.982648 1.000000 ; ...
1.000000 0.982436 0.964898 0.947414 0.930010 0.912711 0.895543 0.878531 0.861697 0.845066 0.828659 0.812497 0.796599 0.780984 0.765670 0.750672 0.736005 0.721683 0.707719 0.694124 0.680908 0.668079 0.655647 0.643619 0.632000 0.620795 0.610011 0.599649 0.589714 0.580209 0.571134 0.562493 0.554285 0.546512 0.539174 0.532271 0.525803 0.519771 0.514173 0.509009 0.504279 0.499981 0.496116 0.492682 0.489679 0.487106 0.484963 0.483249 0.481964 0.481107 0.480679 0.480679 0.481107 0.481964 0.483249 0.484963 0.487106 0.489679 0.492682 0.496116 0.499981 0.504279 0.509009 0.514173 0.519771 0.525803 0.532271 0.539174 0.546512 0.554285 0.562493 0.571134 0.580209 0.589714 0.599649 0.610011 0.620795 0.632000 0.643619 0.655647 0.668079 0.680908 0.694124 0.707719 0.721683 0.736005 0.750672 0.765670 0.780984 0.796599 0.812497 0.828659 0.845066 0.861697 0.878531 0.895543 0.912711 0.930010 0.947414 0.964898 0.982436 1.000000 ; ...
1.000000 0.982197 0.964422 0.946702 0.929066 0.911539 0.894148 0.876919 0.859876 0.843043 0.826442 0.810094 0.794021 0.778240 0.762769 0.747624 0.732820 0.718372 0.704290 0.690587 0.677272 0.664354 0.651841 0.639739 0.628055 0.616793 0.605958 0.595552 0.585579 0.576040 0.566938 0.558272 0.550045 0.542256 0.534905 0.527993 0.521518 0.515480 0.509879 0.504713 0.499981 0.495684 0.491819 0.488386 0.485385 0.482813 0.480672 0.478959 0.477675 0.476820 0.476392 0.476392 0.476820 0.477675 0.478959 0.480672 0.482813 0.485385 0.488386 0.491819 0.495684 0.499981 0.504713 0.509879 0.515480 0.521518 0.527993 0.534905 0.542256 0.550045 0.558272 0.566938 0.576040 0.585579 0.595552 0.605958 0.616793 0.628055 0.639739 0.651841 0.664354 0.677272 0.690587 0.704290 0.718372 0.732820 0.747624 0.762769 0.778240 0.794021 0.810094 0.826442 0.843043 0.859876 0.876919 0.894148 0.911539 0.929066 0.946702 0.964422 0.982197 1.000000 ; ...
1.000000 0.981930 0.963890 0.945908 0.928012 0.910231 0.892592 0.875121 0.857845 0.840787 0.823971 0.807418 0.791150 0.775185 0.759541 0.744235 0.729281 0.714692 0.700482 0.686661 0.673239 0.660224 0.647623 0.635443 0.623689 0.612365 0.601475 0.591023 0.581009 0.571435 0.562304 0.553614 0.545367 0.537562 0.530199 0.523277 0.516796 0.510753 0.505149 0.499982 0.495251 0.490954 0.487091 0.483660 0.480660 0.478091 0.475952 0.474241 0.472958 0.472104 0.471676 0.471676 0.472104 0.472958 0.474241 0.475952 0.478091 0.480660 0.483660 0.487091 0.490954 0.495251 0.499982 0.505149 0.510753 0.516796 0.523277 0.530199 0.537562 0.545367 0.553614 0.562304 0.571435 0.581009 0.591023 0.601475 0.612365 0.623689 0.635443 0.647623 0.660224 0.673239 0.686661 0.700482 0.714692 0.729281 0.744235 0.759541 0.775185 0.791150 0.807418 0.823971 0.840787 0.857845 0.875121 0.892592 0.910231 0.928012 0.945908 0.963890 0.981930 1.000000 ; ...
1.000000 0.981635 0.963300 0.945026 0.926843 0.908780 0.890867 0.873130 0.855596 0.838290 0.821237 0.804458 0.787976 0.771809 0.755976 0.740493 0.725375 0.710635 0.696286 0.682337 0.668799 0.655679 0.642985 0.630721 0.618892 0.607503 0.596556 0.586054 0.575998 0.566389 0.557227 0.548513 0.540247 0.532426 0.525052 0.518121 0.511634 0.505588 0.499982 0.494815 0.490085 0.485790 0.481930 0.478502 0.475506 0.472940 0.470803 0.469095 0.467814 0.466960 0.466534 0.466534 0.466960 0.467814 0.469095 0.470803 0.472940 0.475506 0.478502 0.481930 0.485790 0.490085 0.494815 0.499982 0.505588 0.511634 0.518121 0.525052 0.532426 0.540247 0.548513 0.557227 0.566389 0.575998 0.586054 0.596556 0.607503 0.618892 0.630721 0.642985 0.655679 0.668799 0.682337 0.696286 0.710635 0.725375 0.740493 0.755976 0.771809 0.787976 0.804458 0.821237 0.838290 0.855596 0.873130 0.890867 0.908780 0.926843 0.945026 0.963300 0.981635 1.000000 ; ...
1.000000 0.981308 0.962649 0.944053 0.925554 0.907181 0.888965 0.870935 0.853118 0.835540 0.818227 0.801202 0.784486 0.768100 0.752061 0.736387 0.721091 0.706188 0.691688 0.677603 0.663941 0.650710 0.637915 0.625563 0.613656 0.602198 0.591192 0.580639 0.570540 0.560895 0.551704 0.542966 0.534680 0.526845 0.519460 0.512522 0.506031 0.499983 0.494377 0.489211 0.484484 0.480193 0.476337 0.472913 0.469921 0.467359 0.465226 0.463520 0.462242 0.461390 0.460965 0.460965 0.461390 0.462242 0.463520 0.465226 0.467359 0.469921 0.472913 0.476337 0.480193 0.484484 0.489211 0.494377 0.499983 0.506031 0.512522 0.519460 0.526845 0.534680 0.542966 0.551704 0.560895 0.570540 0.580639 0.591192 0.602198 0.613656 0.625563 0.637915 0.650710 0.663941 0.677603 0.691688 0.706188 0.721091 0.736387 0.752061 0.768100 0.784486 0.801202 0.818227 0.835540 0.853118 0.870935 0.888965 0.907181 0.925554 0.944053 0.962649 0.981308 1.000000 ; ...
1.000000 0.980950 0.961933 0.942985 0.924138 0.905425 0.886878 0.868527 0.850400 0.832526 0.814930 0.797637 0.780668 0.764043 0.747782 0.731901 0.716415 0.701336 0.686677 0.672446 0.658653 0.645304 0.632404 0.619959 0.607971 0.596443 0.585376 0.574771 0.564628 0.554947 0.545727 0.536966 0.528662 0.520815 0.513420 0.506477 0.499983 0.493936 0.488332 0.483170 0.478447 0.474161 0.470310 0.466892 0.463906 0.461349 0.459221 0.457519 0.456244 0.455394 0.454970 0.454970 0.455394 0.456244 0.457519 0.459221 0.461349 0.463906 0.466892 0.470310 0.474161 0.478447 0.483170 0.488332 0.493936 0.499983 0.506477 0.513420 0.520815 0.528662 0.536966 0.545727 0.554947 0.564628 0.574771 0.585376 0.596443 0.607971 0.619959 0.632404 0.645304 0.658653 0.672446 0.686677 0.701336 0.716415 0.731901 0.747782 0.764043 0.780668 0.797637 0.814930 0.832526 0.850400 0.868527 0.886878 0.905425 0.924138 0.942985 0.961933 0.980950 1.000000 ; ...
1.000000 0.980557 0.961150 0.941815 0.922589 0.903504 0.884595 0.865894 0.847430 0.829234 0.811331 0.793747 0.776504 0.759623 0.743123 0.727021 0.711331 0.696065 0.681236 0.666852 0.652920 0.639448 0.626439 0.613897 0.601826 0.590225 0.579097 0.568440 0.558255 0.548539 0.539291 0.530508 0.522189 0.514331 0.506930 0.499984 0.493490 0.487444 0.481845 0.476689 0.471972 0.467694 0.463851 0.460441 0.457461 0.454911 0.452788 0.451092 0.449821 0.448973 0.448550 0.448550 0.448973 0.449821 0.451092 0.452788 0.454911 0.457461 0.460441 0.463851 0.467694 0.471972 0.476689 0.481845 0.487444 0.493490 0.499984 0.506930 0.514331 0.522189 0.530508 0.539291 0.548539 0.558255 0.568440 0.579097 0.590225 0.601826 0.613897 0.626439 0.639448 0.652920 0.666852 0.681236 0.696065 0.711331 0.727021 0.743123 0.759623 0.776504 0.793747 0.811331 0.829234 0.847430 0.865894 0.884595 0.903504 0.922589 0.941815 0.961150 0.980557 1.000000 ; ...
1.000000 0.980128 0.960294 0.940538 0.920897 0.901407 0.882104 0.863022 0.844194 0.825648 0.807413 0.789516 0.771978 0.754822 0.738067 0.721728 0.705821 0.690359 0.675350 0.660804 0.646728 0.633128 0.620006 0.607366 0.595209 0.583536 0.572346 0.561639 0.551411 0.541662 0.532389 0.523587 0.515255 0.507389 0.499984 0.493038 0.486547 0.480507 0.474915 0.469767 0.465061 0.460792 0.456959 0.453558 0.450588 0.448046 0.445930 0.444240 0.442973 0.442129 0.441707 0.441707 0.442129 0.442973 0.444240 0.445930 0.448046 0.450588 0.453558 0.456959 0.460792 0.465061 0.469767 0.474915 0.480507 0.486547 0.493038 0.499984 0.507389 0.515255 0.523587 0.532389 0.541662 0.551411 0.561639 0.572346 0.583536 0.595209 0.607366 0.620006 0.633128 0.646728 0.660804 0.675350 0.690359 0.705821 0.721728 0.738067 0.754822 0.771978 0.789516 0.807413 0.825648 0.844194 0.863022 0.882104 0.901407 0.920897 0.940538 0.960294 0.980128 1.000000 ; ...
1.000000 0.979660 0.959362 0.939146 0.919053 0.899123 0.879393 0.859898 0.840674 0.821751 0.803159 0.784924 0.767071 0.749621 0.732593 0.716004 0.699869 0.684198 0.669001 0.654287 0.640062 0.626329 0.613092 0.600352 0.588109 0.576364 0.565114 0.554357 0.544090 0.534311 0.525014 0.516197 0.507856 0.499985 0.492580 0.485638 0.479154 0.473123 0.467541 0.462405 0.457710 0.453455 0.449634 0.446245 0.443286 0.440754 0.438647 0.436964 0.435702 0.434862 0.434442 0.434442 0.434862 0.435702 0.436964 0.438647 0.440754 0.443286 0.446245 0.449634 0.453455 0.457710 0.462405 0.467541 0.473123 0.479154 0.485638 0.492580 0.499985 0.507856 0.516197 0.525014 0.534311 0.544090 0.554357 0.565114 0.576364 0.588109 0.600352 0.613092 0.626329 0.640062 0.654287 0.669001 0.684198 0.699869 0.716004 0.732593 0.749621 0.767071 0.784924 0.803159 0.821751 0.840674 0.859898 0.879393 0.899123 0.919053 0.939146 0.959362 0.979660 1.000000 ; ...
1.000000 0.979151 0.958346 0.937630 0.917047 0.896639 0.876445 0.856504 0.836852 0.817523 0.798547 0.779951 0.761760 0.743997 0.726681 0.709828 0.693451 0.677562 0.662170 0.647282 0.632902 0.619035 0.605680 0.592840 0.580513 0.568696 0.557388 0.546584 0.536282 0.526475 0.517161 0.508332 0.499985 0.492115 0.484715 0.477780 0.471306 0.465288 0.459721 0.454601 0.449922 0.445682 0.441877 0.438503 0.435557 0.433037 0.430940 0.429266 0.428011 0.427175 0.426757 0.426757 0.427175 0.428011 0.429266 0.430940 0.433037 0.435557 0.438503 0.441877 0.445682 0.449922 0.454601 0.459721 0.465288 0.471306 0.477780 0.484715 0.492115 0.499985 0.508332 0.517161 0.526475 0.536282 0.546584 0.557388 0.568696 0.580513 0.592840 0.605680 0.619035 0.632902 0.647282 0.662170 0.677562 0.693451 0.709828 0.726681 0.743997 0.761760 0.779951 0.798547 0.817523 0.836852 0.856504 0.876445 0.896639 0.917047 0.937630 0.958346 0.979151 1.000000 ; ...
1.000000 0.978596 0.957241 0.935983 0.914867 0.893940 0.873244 0.852821 0.832709 0.812942 0.793554 0.774572 0.756022 0.737927 0.720306 0.703174 0.686545 0.670429 0.654835 0.639768 0.625231 0.611227 0.597755 0.584815 0.572405 0.560520 0.549157 0.538311 0.527977 0.518149 0.508821 0.499986 0.491639 0.483774 0.476383 0.469462 0.463004 0.457003 0.451455 0.446354 0.441696 0.437475 0.433688 0.430332 0.427402 0.424896 0.422812 0.421147 0.419900 0.419070 0.418654 0.418654 0.419070 0.419900 0.421147 0.422812 0.424896 0.427402 0.430332 0.433688 0.437475 0.441696 0.446354 0.451455 0.457003 0.463004 0.469462 0.476383 0.483774 0.491639 0.499986 0.508821 0.518149 0.527977 0.538311 0.549157 0.560520 0.572405 0.584815 0.597755 0.611227 0.625231 0.639768 0.654835 0.670429 0.686545 0.703174 0.720306 0.737927 0.756022 0.774572 0.793554 0.812942 0.832709 0.852821 0.873244 0.893940 0.914867 0.935983 0.957241 0.978596 1.000000 ; ...
1.000000 0.977994 0.956040 0.934192 0.912498 0.891009 0.869771 0.848827 0.828219 0.807984 0.788154 0.768761 0.749830 0.731384 0.713441 0.696018 0.679126 0.662776 0.646973 0.631723 0.617027 0.602886 0.589299 0.576262 0.563771 0.551822 0.540410 0.529527 0.519167 0.509322 0.499987 0.491152 0.482811 0.474957 0.467582 0.460680 0.454243 0.448266 0.442742 0.437665 0.433031 0.428834 0.425070 0.421734 0.418823 0.416335 0.414265 0.412612 0.411373 0.410549 0.410137 0.410137 0.410549 0.411373 0.412612 0.414265 0.416335 0.418823 0.421734 0.425070 0.428834 0.433031 0.437665 0.442742 0.448266 0.454243 0.460680 0.467582 0.474957 0.482811 0.491152 0.499987 0.509322 0.519167 0.529527 0.540410 0.551822 0.563771 0.576262 0.589299 0.602886 0.617027 0.631723 0.646973 0.662776 0.679126 0.696018 0.713441 0.731384 0.749830 0.768761 0.788154 0.807984 0.828219 0.848827 0.869771 0.891009 0.912498 0.934192 0.956040 0.977994 1.000000 ; ...
1.000000 0.977339 0.954735 0.932245 0.909925 0.887828 0.866003 0.844498 0.823357 0.802619 0.782319 0.762488 0.743153 0.724336 0.706057 0.688330 0.671166 0.654574 0.638559 0.623124 0.608269 0.593992 0.580291 0.567161 0.554596 0.542589 0.531132 0.520219 0.509840 0.499987 0.490652 0.481825 0.473497 0.465662 0.458309 0.451433 0.445024 0.439076 0.433581 0.428534 0.423929 0.419760 0.416022 0.412711 0.409823 0.407354 0.405301 0.403661 0.402433 0.401616 0.401207 0.401207 0.401616 0.402433 0.403661 0.405301 0.407354 0.409823 0.412711 0.416022 0.419760 0.423929 0.428534 0.433581 0.439076 0.445024 0.451433 0.458309 0.465662 0.473497 0.481825 0.490652 0.499987 0.509840 0.520219 0.531132 0.542589 0.554596 0.567161 0.580291 0.593992 0.608269 0.623124 0.638559 0.654574 0.671166 0.688330 0.706057 0.724336 0.743153 0.762488 0.782319 0.802619 0.823357 0.844498 0.866003 0.887828 0.909925 0.932245 0.954735 0.977339 1.000000 ; ...
1.000000 0.976626 0.953315 0.930129 0.907129 0.884373 0.861915 0.839806 0.818092 0.796816 0.776014 0.755719 0.735957 0.716751 0.698121 0.680078 0.662634 0.645795 0.629565 0.613945 0.598932 0.584523 0.570713 0.557496 0.544862 0.532804 0.521312 0.510377 0.499988 0.490135 0.480808 0.471997 0.463692 0.455883 0.448561 0.441717 0.435343 0.429431 0.423973 0.418962 0.414391 0.410255 0.406549 0.403266 0.400403 0.397957 0.395923 0.394299 0.393083 0.392273 0.391869 0.391869 0.392273 0.393083 0.394299 0.395923 0.397957 0.400403 0.403266 0.406549 0.410255 0.414391 0.418962 0.423973 0.429431 0.435343 0.441717 0.448561 0.455883 0.463692 0.471997 0.480808 0.490135 0.499988 0.510377 0.521312 0.532804 0.544862 0.557496 0.570713 0.584523 0.598932 0.613945 0.629565 0.645795 0.662634 0.680078 0.698121 0.716751 0.735957 0.755719 0.776014 0.796816 0.818092 0.839806 0.861915 0.884373 0.907129 0.930129 0.953315 0.976626 1.000000 ; ...
1.000000 0.975850 0.951770 0.927828 0.904090 0.880621 0.857478 0.834718 0.812390 0.790539 0.769203 0.748416 0.728205 0.708592 0.689596 0.671228 0.653497 0.636408 0.619962 0.604158 0.588991 0.574455 0.560543 0.547246 0.534553 0.522453 0.510936 0.499989 0.489600 0.479757 0.470449 0.461663 0.453390 0.445617 0.438335 0.431533 0.425202 0.419333 0.413918 0.408949 0.404419 0.400321 0.396650 0.393401 0.390568 0.388147 0.386135 0.384529 0.383326 0.382526 0.382126 0.382126 0.382526 0.383326 0.384529 0.386135 0.388147 0.390568 0.393401 0.396650 0.400321 0.404419 0.408949 0.413918 0.419333 0.425202 0.431533 0.438335 0.445617 0.453390 0.461663 0.470449 0.479757 0.489600 0.499989 0.510936 0.522453 0.534553 0.547246 0.560543 0.574455 0.588991 0.604158 0.619962 0.636408 0.653497 0.671228 0.689596 0.708592 0.728205 0.748416 0.769203 0.790539 0.812390 0.834718 0.857478 0.880621 0.904090 0.927828 0.951770 0.975850 1.000000 ; ...
1.000000 0.975005 0.950087 0.925322 0.900783 0.876541 0.852659 0.829198 0.806212 0.783746 0.761843 0.740537 0.719854 0.699817 0.680443 0.661741 0.643718 0.626378 0.609717 0.593733 0.578418 0.563763 0.549759 0.536392 0.523650 0.511521 0.499989 0.489042 0.478665 0.468844 0.459566 0.450818 0.442587 0.434861 0.427628 0.420877 0.414597 0.408780 0.403416 0.398497 0.394014 0.389961 0.386331 0.383119 0.380320 0.377928 0.375941 0.374355 0.373168 0.372378 0.371983 0.371983 0.372378 0.373168 0.374355 0.375941 0.377928 0.380320 0.383119 0.386331 0.389961 0.394014 0.398497 0.403416 0.408780 0.414597 0.420877 0.427628 0.434861 0.442587 0.450818 0.459566 0.468844 0.478665 0.489042 0.499989 0.511521 0.523650 0.536392 0.549759 0.563763 0.578418 0.593733 0.609717 0.626378 0.643718 0.661741 0.680443 0.699817 0.719854 0.740537 0.761843 0.783746 0.806212 0.829198 0.852659 0.876541 0.900783 0.925322 0.950087 0.975005 1.000000 ; ...
1.000000 0.974082 0.948250 0.922589 0.897180 0.872099 0.847419 0.823204 0.799511 0.776392 0.753887 0.732033 0.710857 0.690380 0.670616 0.651574 0.633258 0.615667 0.598797 0.582639 0.567185 0.552422 0.538336 0.524912 0.512136 0.499990 0.488458 0.477525 0.467174 0.457389 0.448154 0.439456 0.431280 0.423611 0.416439 0.409749 0.403531 0.397775 0.392470 0.387608 0.383179 0.379177 0.375594 0.372425 0.369664 0.367305 0.365346 0.363783 0.362613 0.361834 0.361445 0.361445 0.361834 0.362613 0.363783 0.365346 0.367305 0.369664 0.372425 0.375594 0.379177 0.383179 0.387608 0.392470 0.397775 0.403531 0.409749 0.416439 0.423611 0.431280 0.439456 0.448154 0.457389 0.467174 0.477525 0.488458 0.499990 0.512136 0.524912 0.538336 0.552422 0.567185 0.582639 0.598797 0.615667 0.633258 0.651574 0.670616 0.690380 0.710857 0.732033 0.753887 0.776392 0.799511 0.823204 0.847419 0.872099 0.897180 0.922589 0.948250 0.974082 1.000000 ; ...
1.000000 0.973074 0.946244 0.919605 0.893248 0.867258 0.841714 0.816687 0.792238 0.768422 0.745281 0.722852 0.701162 0.680230 0.660068 0.640682 0.622073 0.604236 0.587163 0.570842 0.555261 0.540403 0.526251 0.512786 0.499990 0.487845 0.476329 0.465426 0.455117 0.445382 0.436206 0.427572 0.419464 0.411867 0.404766 0.398149 0.392004 0.386318 0.381082 0.376285 0.371918 0.367974 0.364444 0.361323 0.358604 0.356283 0.354356 0.352818 0.351667 0.350901 0.350518 0.350518 0.350901 0.351667 0.352818 0.354356 0.356283 0.358604 0.361323 0.364444 0.367974 0.371918 0.376285 0.381082 0.386318 0.392004 0.398149 0.404766 0.411867 0.419464 0.427572 0.436206 0.445382 0.455117 0.465426 0.476329 0.487845 0.499990 0.512786 0.526251 0.540403 0.555261 0.570842 0.587163 0.604236 0.622073 0.640682 0.660068 0.680230 0.701162 0.722852 0.745281 0.768422 0.792238 0.816687 0.841714 0.867258 0.893248 0.919605 0.946244 0.973074 1.000000 ; ...
1.000000 0.971969 0.944046 0.916339 0.888949 0.861971 0.835493 0.809591 0.784333 0.759775 0.735963 0.712932 0.690709 0.669310 0.648744 0.629013 0.610115 0.592040 0.574776 0.558307 0.542614 0.527678 0.513478 0.499991 0.487195 0.475069 0.463589 0.452734 0.442484 0.432818 0.423717 0.415162 0.407137 0.399625 0.392610 0.386079 0.380017 0.374413 0.369254 0.364532 0.360235 0.356355 0.352886 0.349818 0.347148 0.344868 0.342975 0.341466 0.340336 0.339584 0.339208 0.339208 0.339584 0.340336 0.341466 0.342975 0.344868 0.347148 0.349818 0.352886 0.356355 0.360235 0.364532 0.369254 0.374413 0.380017 0.386079 0.392610 0.399625 0.407137 0.415162 0.423717 0.432818 0.442484 0.452734 0.463589 0.475069 0.487195 0.499991 0.513478 0.527678 0.542614 0.558307 0.574776 0.592040 0.610115 0.629013 0.648744 0.669310 0.690709 0.712932 0.735963 0.759775 0.784333 0.809591 0.835493 0.861971 0.888949 0.916339 0.944046 0.971969 1.000000 ; ...
1.000000 0.970755 0.941633 0.912755 0.884237 0.856185 0.828695 0.801852 0.775728 0.750383 0.725864 0.702205 0.679431 0.657556 0.636584 0.616513 0.597334 0.579034 0.561594 0.544994 0.529210 0.514218 0.499992 0.486505 0.473732 0.461646 0.450223 0.439437 0.429267 0.419688 0.410680 0.402223 0.394298 0.386886 0.379971 0.373538 0.367572 0.362061 0.356991 0.352352 0.348134 0.344328 0.340924 0.337917 0.335300 0.333066 0.331212 0.329733 0.328627 0.327891 0.327523 0.327523 0.327891 0.328627 0.329733 0.331212 0.333066 0.335300 0.337917 0.340924 0.344328 0.348134 0.352352 0.356991 0.362061 0.367572 0.373538 0.379971 0.386886 0.394298 0.402223 0.410680 0.419688 0.429267 0.439437 0.450223 0.461646 0.473732 0.486505 0.499992 0.514218 0.529210 0.544994 0.561594 0.579034 0.597334 0.616513 0.636584 0.657556 0.679431 0.702205 0.725864 0.750383 0.775728 0.801852 0.828695 0.856185 0.884237 0.912755 0.941633 0.970755 1.000000 ; ...
1.000000 0.969417 0.938975 0.908813 0.879060 0.849836 0.821250 0.793393 0.766344 0.740165 0.714904 0.690594 0.667255 0.644899 0.623523 0.603120 0.583675 0.565167 0.547573 0.530865 0.515015 0.499992 0.485766 0.472305 0.459580 0.447561 0.436218 0.425526 0.415458 0.405988 0.397094 0.388753 0.380944 0.373650 0.366850 0.360530 0.354674 0.349267 0.344297 0.339753 0.335622 0.331897 0.328567 0.325626 0.323068 0.320885 0.319073 0.317629 0.316548 0.315829 0.315470 0.315470 0.315829 0.316548 0.317629 0.319073 0.320885 0.323068 0.325626 0.328567 0.331897 0.335622 0.339753 0.344297 0.349267 0.354674 0.360530 0.366850 0.373650 0.380944 0.388753 0.397094 0.405988 0.415458 0.425526 0.436218 0.447561 0.459580 0.472305 0.485766 0.499992 0.515015 0.530865 0.547573 0.565167 0.583675 0.603120 0.623523 0.644899 0.667255 0.690594 0.714904 0.740165 0.766344 0.793393 0.821250 0.849836 0.879060 0.908813 0.938975 0.969417 1.000000 ; ...
1.000000 0.967938 0.936038 0.904460 0.873352 0.842851 0.813075 0.784127 0.756090 0.729030 0.702993 0.678010 0.654098 0.631260 0.609489 0.588769 0.569077 0.550387 0.532665 0.515879 0.499993 0.484970 0.470774 0.457370 0.444722 0.432798 0.421565 0.410991 0.401050 0.391712 0.382953 0.374749 0.367077 0.359918 0.353251 0.347059 0.341326 0.336037 0.331178 0.326738 0.322705 0.319069 0.315822 0.312954 0.310459 0.308332 0.306567 0.305160 0.304108 0.303408 0.303058 0.303058 0.303408 0.304108 0.305160 0.306567 0.308332 0.310459 0.312954 0.315822 0.319069 0.322705 0.326738 0.331178 0.336037 0.341326 0.347059 0.353251 0.359918 0.367077 0.374749 0.382953 0.391712 0.401050 0.410991 0.421565 0.432798 0.444722 0.457370 0.470774 0.484970 0.499993 0.515879 0.532665 0.550387 0.569077 0.588769 0.609489 0.631260 0.654098 0.678010 0.702993 0.729030 0.756090 0.784127 0.813075 0.842851 0.873352 0.904460 0.936038 0.967938 1.000000 ; ...
1.000000 0.966295 0.932780 0.899638 0.867039 0.835139 0.804072 0.773949 0.744860 0.716871 0.690028 0.664357 0.639867 0.616555 0.594404 0.573389 0.553479 0.534637 0.516823 0.499994 0.484107 0.469121 0.454991 0.441678 0.429142 0.417345 0.406250 0.395825 0.386038 0.376858 0.368258 0.360213 0.352699 0.345693 0.339176 0.333128 0.327533 0.322376 0.317641 0.313317 0.309391 0.305854 0.302696 0.299908 0.297484 0.295418 0.293704 0.292337 0.291316 0.290636 0.290296 0.290296 0.290636 0.291316 0.292337 0.293704 0.295418 0.297484 0.299908 0.302696 0.305854 0.309391 0.313317 0.317641 0.322376 0.327533 0.333128 0.339176 0.345693 0.352699 0.360213 0.368258 0.376858 0.386038 0.395825 0.406250 0.417345 0.429142 0.441678 0.454991 0.469121 0.484107 0.499994 0.516823 0.534637 0.553479 0.573389 0.594404 0.616555 0.639867 0.664357 0.690028 0.716871 0.744860 0.773949 0.804072 0.835139 0.867039 0.899638 0.932780 0.966295 1.000000 ; ...
1.000000 0.964464 0.929150 0.894272 0.860028 0.826595 0.794124 0.762737 0.732529 0.703566 0.675890 0.649521 0.624459 0.600688 0.578182 0.556905 0.536814 0.517860 0.499994 0.483165 0.467322 0.452414 0.438392 0.425210 0.412822 0.401188 0.390267 0.380022 0.370418 0.361424 0.353009 0.345147 0.337812 0.330980 0.324631 0.318745 0.313304 0.308292 0.303694 0.299497 0.295689 0.292260 0.289199 0.286499 0.284151 0.282151 0.280492 0.279170 0.278181 0.277524 0.277195 0.277195 0.277524 0.278181 0.279170 0.280492 0.282151 0.284151 0.286499 0.289199 0.292260 0.295689 0.299497 0.303694 0.308292 0.313304 0.318745 0.324631 0.330980 0.337812 0.345147 0.353009 0.361424 0.370418 0.380022 0.390267 0.401188 0.412822 0.425210 0.438392 0.452414 0.467322 0.483165 0.499994 0.517860 0.536814 0.556905 0.578182 0.600688 0.624459 0.649521 0.675890 0.703566 0.732529 0.762737 0.794124 0.826595 0.860028 0.894272 0.929150 0.964464 1.000000 ; ...
1.000000 0.962410 0.925083 0.888271 0.852206 0.817089 0.783092 0.750347 0.718953 0.688975 0.660447 0.633379 0.607758 0.583557 0.560733 0.539236 0.519010 0.499995 0.482129 0.465351 0.449601 0.434820 0.420953 0.407946 0.395750 0.384318 0.373607 0.363576 0.354189 0.345410 0.337208 0.329553 0.322421 0.315785 0.309623 0.303916 0.298645 0.293793 0.289346 0.285288 0.281609 0.278297 0.275342 0.272736 0.270472 0.268543 0.266943 0.265669 0.264716 0.264082 0.263766 0.263766 0.264082 0.264716 0.265669 0.266943 0.268543 0.270472 0.272736 0.275342 0.278297 0.281609 0.285288 0.289346 0.293793 0.298645 0.303916 0.309623 0.315785 0.322421 0.329553 0.337208 0.345410 0.354189 0.363576 0.373607 0.384318 0.395750 0.407946 0.420953 0.434820 0.449601 0.465351 0.482129 0.499995 0.519010 0.539236 0.560733 0.583557 0.607758 0.633379 0.660447 0.688975 0.718953 0.750347 0.783092 0.817089 0.852206 0.888271 0.925083 0.962410 1.000000 ; ...
1.000000 0.960093 0.920501 0.881524 0.843434 0.806465 0.770807 0.736606 0.703961 0.672933 0.643544 0.615789 0.589639 0.565047 0.541956 0.520296 0.499995 0.480980 0.463176 0.446510 0.430911 0.416313 0.402654 0.389872 0.377914 0.366728 0.356267 0.346488 0.337351 0.328819 0.320858 0.313439 0.306533 0.300115 0.294161 0.288652 0.283568 0.278891 0.274607 0.270701 0.267161 0.263976 0.261136 0.258632 0.256457 0.254605 0.253069 0.251846 0.250932 0.250323 0.250020 0.250020 0.250323 0.250932 0.251846 0.253069 0.254605 0.256457 0.258632 0.261136 0.263976 0.267161 0.270701 0.274607 0.278891 0.283568 0.288652 0.294161 0.300115 0.306533 0.313439 0.320858 0.328819 0.337351 0.346488 0.356267 0.366728 0.377914 0.389872 0.402654 0.416313 0.430911 0.446510 0.463176 0.480980 0.499995 0.520296 0.541956 0.565047 0.589639 0.615789 0.643544 0.672933 0.703961 0.736606 0.770807 0.806465 0.843434 0.881524 0.920501 0.960093 1.000000 ; ...
1.000000 0.957462 0.915305 0.873891 0.833541 0.794529 0.757066 0.721309 0.687354 0.655251 0.625006 0.596593 0.569961 0.545039 0.521747 0.499996 0.479695 0.460755 0.443085 0.426600 0.411220 0.396869 0.383476 0.370974 0.359305 0.348413 0.338246 0.328758 0.319908 0.311656 0.303967 0.296811 0.290157 0.283980 0.278255 0.272963 0.268082 0.263596 0.259490 0.255748 0.252359 0.249310 0.246594 0.244200 0.242120 0.240350 0.238883 0.237714 0.236841 0.236260 0.235970 0.235970 0.236260 0.236841 0.237714 0.238883 0.240350 0.242120 0.244200 0.246594 0.249310 0.252359 0.255748 0.259490 0.263596 0.268082 0.272963 0.278255 0.283980 0.290157 0.296811 0.303967 0.311656 0.319908 0.328758 0.338246 0.348413 0.359305 0.370974 0.383476 0.396869 0.411220 0.426600 0.443085 0.460755 0.479695 0.499996 0.521747 0.545039 0.569961 0.596593 0.625006 0.655251 0.687354 0.721309 0.757066 0.794529 0.833541 0.873891 0.915305 0.957462 1.000000 ; ...
1.000000 0.954449 0.909366 0.865192 0.822312 0.781042 0.741621 0.704208 0.668895 0.635711 0.604637 0.575618 0.548572 0.523401 0.499996 0.478245 0.458036 0.439259 0.421808 0.405586 0.390501 0.376467 0.363405 0.351245 0.339920 0.329371 0.319545 0.310391 0.301866 0.293930 0.286545 0.279680 0.273304 0.267392 0.261918 0.256861 0.252202 0.247923 0.244008 0.240443 0.237215 0.234314 0.231729 0.229452 0.227475 0.225792 0.224398 0.223288 0.222458 0.221906 0.221631 0.221631 0.221906 0.222458 0.223288 0.224398 0.225792 0.227475 0.229452 0.231729 0.234314 0.237215 0.240443 0.244008 0.247923 0.252202 0.256861 0.261918 0.267392 0.273304 0.279680 0.286545 0.293930 0.301866 0.310391 0.319545 0.329371 0.339920 0.351245 0.363405 0.376467 0.390501 0.405586 0.421808 0.439259 0.458036 0.478245 0.499996 0.523401 0.548572 0.575618 0.604637 0.635711 0.668895 0.704208 0.741621 0.781042 0.822312 0.865192 0.909366 0.954449 1.000000 ; ...
1.000000 0.950967 0.902519 0.855199 0.809473 0.765707 0.724166 0.685008 0.648307 0.614060 0.582213 0.552669 0.525309 0.499997 0.476592 0.454954 0.434945 0.416435 0.399303 0.383436 0.368730 0.355092 0.342434 0.330680 0.319759 0.309608 0.300171 0.291396 0.283236 0.275651 0.268603 0.262059 0.255989 0.250365 0.245164 0.240362 0.235942 0.231885 0.228176 0.224800 0.221745 0.219000 0.216556 0.214404 0.212536 0.210946 0.209629 0.208580 0.207797 0.207276 0.207016 0.207016 0.207276 0.207797 0.208580 0.209629 0.210946 0.212536 0.214404 0.216556 0.219000 0.221745 0.224800 0.228176 0.231885 0.235942 0.240362 0.245164 0.250365 0.255989 0.262059 0.268603 0.275651 0.283236 0.291396 0.300171 0.309608 0.319759 0.330680 0.342434 0.355092 0.368730 0.383436 0.399303 0.416435 0.434945 0.454954 0.476592 0.499997 0.525309 0.552669 0.582213 0.614060 0.648307 0.685008 0.724166 0.765707 0.809473 0.855199 0.902519 0.950967 1.000000 ; ...
1.000000 0.946900 0.894545 0.843612 0.794672 0.748149 0.704327 0.663353 0.625263 0.590011 0.557485 0.527537 0.499997 0.474685 0.451421 0.430032 0.410354 0.392234 0.375533 0.360125 0.345893 0.332735 0.320559 0.309281 0.298828 0.289132 0.280135 0.271784 0.264032 0.256836 0.250158 0.243965 0.238227 0.232916 0.228009 0.223483 0.219319 0.215500 0.212010 0.208836 0.205965 0.203387 0.201091 0.199071 0.197318 0.195827 0.194591 0.193608 0.192873 0.192385 0.192141 0.192141 0.192385 0.192873 0.193608 0.194591 0.195827 0.197318 0.199071 0.201091 0.203387 0.205965 0.208836 0.212010 0.215500 0.219319 0.223483 0.228009 0.232916 0.238227 0.243965 0.250158 0.256836 0.264032 0.271784 0.280135 0.289132 0.298828 0.309281 0.320559 0.332735 0.345893 0.360125 0.375533 0.392234 0.410354 0.430032 0.451421 0.474685 0.499997 0.527537 0.557485 0.590011 0.625263 0.663353 0.704327 0.748149 0.794672 0.843612 0.894545 0.946900 1.000000 ; ...
1.000000 0.942090 0.885146 0.830035 0.777452 0.727891 0.681639 0.638812 0.599384 0.563234 0.530179 0.499998 0.472458 0.447325 0.424376 0.403400 0.384205 0.366614 0.350472 0.335636 0.321982 0.309398 0.297786 0.287059 0.277138 0.267957 0.259453 0.251574 0.244271 0.237501 0.231228 0.225417 0.220038 0.215064 0.210472 0.206241 0.202351 0.198785 0.195529 0.192569 0.189892 0.187490 0.185352 0.183471 0.181839 0.180451 0.179302 0.178387 0.177704 0.177249 0.177023 0.177023 0.177249 0.177704 0.178387 0.179302 0.180451 0.181839 0.183471 0.185352 0.187490 0.189892 0.192569 0.195529 0.198785 0.202351 0.206241 0.210472 0.215064 0.220038 0.225417 0.231228 0.237501 0.244271 0.251574 0.259453 0.267957 0.277138 0.287059 0.297786 0.309398 0.321982 0.335636 0.350472 0.366614 0.384205 0.403400 0.424376 0.447325 0.472458 0.499998 0.530179 0.563234 0.599384 0.638812 0.681639 0.727891 0.777452 0.830035 0.885146 0.942090 1.000000 ; ...
1.000000 0.936314 0.873915 0.813928 0.757212 0.704323 0.655528 0.610871 0.570226 0.533364 0.499998 0.469817 0.442510 0.417782 0.395358 0.374988 0.356450 0.339547 0.324103 0.309965 0.297000 0.285088 0.274128 0.264029 0.254710 0.246104 0.238147 0.230788 0.223976 0.217671 0.211836 0.206436 0.201443 0.196831 0.192576 0.188658 0.185058 0.181761 0.178752 0.176017 0.173546 0.171329 0.169356 0.167621 0.166117 0.164837 0.163777 0.162934 0.162305 0.161886 0.161677 0.161677 0.161886 0.162305 0.162934 0.163777 0.164837 0.166117 0.167621 0.169356 0.171329 0.173546 0.176017 0.178752 0.181761 0.185058 0.188658 0.192576 0.196831 0.201443 0.206436 0.211836 0.217671 0.223976 0.230788 0.238147 0.246104 0.254710 0.264029 0.274128 0.285088 0.297000 0.309965 0.324103 0.339547 0.356450 0.374988 0.395358 0.417782 0.442510 0.469817 0.499998 0.533364 0.570226 0.610871 0.655528 0.704323 0.757212 0.813928 0.873915 0.936314 1.000000 ; ...
1.000000 0.929252 0.860271 0.794549 0.733147 0.676659 0.625281 0.578918 0.537285 0.499998 0.466632 0.436762 0.409985 0.385935 0.364284 0.344744 0.327062 0.311020 0.296428 0.283123 0.270964 0.259828 0.249610 0.240217 0.231571 0.223600 0.216245 0.209453 0.203175 0.197372 0.192007 0.187048 0.182467 0.178239 0.174342 0.170756 0.167464 0.164449 0.161699 0.159202 0.156946 0.154923 0.153124 0.151541 0.150169 0.149002 0.148037 0.147269 0.146695 0.146314 0.146123 0.146123 0.146314 0.146695 0.147269 0.148037 0.149002 0.150169 0.151541 0.153124 0.154923 0.156946 0.159202 0.161699 0.164449 0.167464 0.170756 0.174342 0.178239 0.182467 0.187048 0.192007 0.197372 0.203175 0.209453 0.216245 0.223600 0.231571 0.240217 0.249610 0.259828 0.270964 0.283123 0.296428 0.311020 0.327062 0.344744 0.364284 0.385935 0.409985 0.436762 0.466632 0.499998 0.537285 0.578918 0.625281 0.676659 0.733147 0.794549 0.860271 0.929252 1.000000 ; ...
1.000000 0.920424 0.843366 0.770852 0.704167 0.643884 0.590019 0.542234 0.499999 0.462712 0.429771 0.400613 0.374733 0.351689 0.331101 0.312641 0.296034 0.281042 0.267466 0.255135 0.243904 0.233650 0.224266 0.215660 0.207755 0.200482 0.193781 0.187602 0.181900 0.176635 0.171772 0.167283 0.163139 0.159318 0.155798 0.152561 0.149591 0.146873 0.144395 0.142145 0.140114 0.138293 0.136674 0.135250 0.134016 0.132967 0.132099 0.131408 0.130893 0.130550 0.130379 0.130379 0.130550 0.130893 0.131408 0.132099 0.132967 0.134016 0.135250 0.136674 0.138293 0.140114 0.142145 0.144395 0.146873 0.149591 0.152561 0.155798 0.159318 0.163139 0.167283 0.171772 0.176635 0.181900 0.187602 0.193781 0.200482 0.207755 0.215660 0.224266 0.233650 0.243904 0.255135 0.267466 0.281042 0.296034 0.312641 0.331101 0.351689 0.374733 0.400613 0.429771 0.462712 0.499999 0.542234 0.590019 0.643884 0.704167 0.770852 0.843366 0.920424 1.000000 ; ...
1.000000 0.909077 0.821919 0.741324 0.668787 0.604690 0.548677 0.499999 0.457764 0.421080 0.389126 0.361185 0.336644 0.314988 0.295788 0.278687 0.263390 0.249648 0.237258 0.226046 0.215868 0.206602 0.198143 0.190403 0.183307 0.176790 0.170795 0.165275 0.160187 0.155495 0.151165 0.147172 0.143488 0.140094 0.136970 0.134099 0.131465 0.129057 0.126862 0.124870 0.123072 0.121461 0.120028 0.118769 0.117678 0.116751 0.115983 0.115373 0.114917 0.114614 0.114463 0.114463 0.114614 0.114917 0.115373 0.115983 0.116751 0.117678 0.118769 0.120028 0.121461 0.123072 0.124870 0.126862 0.129057 0.131465 0.134099 0.136970 0.140094 0.143488 0.147172 0.151165 0.155495 0.160187 0.165275 0.170795 0.176790 0.183307 0.190403 0.198143 0.206602 0.215868 0.226046 0.237258 0.249648 0.263390 0.278687 0.295788 0.314988 0.336644 0.361185 0.389126 0.421080 0.457764 0.499999 0.548677 0.604690 0.668787 0.741324 0.821919 0.909077 1.000000 ; ...
1.000000 0.893964 0.793909 0.703738 0.624967 0.557414 0.499999 0.451321 0.409979 0.374717 0.344469 0.318358 0.295670 0.275831 0.258376 0.242930 0.229189 0.216904 0.205872 0.195924 0.186921 0.178746 0.171300 0.164502 0.158281 0.152576 0.147335 0.142516 0.138079 0.133991 0.130223 0.126750 0.123549 0.120601 0.117889 0.115398 0.113115 0.111028 0.109126 0.107401 0.105844 0.104449 0.103210 0.102121 0.101177 0.100375 0.099711 0.099183 0.098789 0.098527 0.098397 0.098397 0.098527 0.098789 0.099183 0.099711 0.100375 0.101177 0.102121 0.103210 0.104449 0.105844 0.107401 0.109126 0.111028 0.113115 0.115398 0.117889 0.120601 0.123549 0.126750 0.130223 0.133991 0.138079 0.142516 0.147335 0.152576 0.158281 0.164502 0.171300 0.178746 0.186921 0.195924 0.205872 0.216904 0.229189 0.242930 0.258376 0.275831 0.295670 0.318358 0.344469 0.374717 0.409979 0.451321 0.499999 0.557414 0.624967 0.703738 0.793909 0.893964 1.000000 ; ...
1.000000 0.872871 0.756015 0.654751 0.569929 0.500000 0.442585 0.395308 0.356115 0.323340 0.295675 0.272107 0.251849 0.234290 0.218955 0.205468 0.193532 0.182907 0.173401 0.164857 0.157146 0.150160 0.143811 0.138025 0.132737 0.127896 0.123455 0.119375 0.115622 0.112167 0.108986 0.106055 0.103356 0.100872 0.098588 0.096490 0.094569 0.092813 0.091214 0.089763 0.088455 0.087283 0.086241 0.085326 0.084534 0.083860 0.083303 0.082860 0.082529 0.082309 0.082199 0.082199 0.082309 0.082529 0.082860 0.083303 0.083860 0.084534 0.085326 0.086241 0.087283 0.088455 0.089763 0.091214 0.092813 0.094569 0.096490 0.098588 0.100872 0.103356 0.106055 0.108986 0.112167 0.115622 0.119375 0.123455 0.127896 0.132737 0.138025 0.143811 0.150160 0.157146 0.164857 0.173401 0.182907 0.193532 0.205468 0.218955 0.234290 0.251849 0.272107 0.295675 0.323340 0.356115 0.395308 0.442585 0.500000 0.569929 0.654751 0.756015 0.872871 1.000000 ; ...
1.000000 0.841503 0.702531 0.589320 0.500000 0.430070 0.375032 0.331212 0.295831 0.266852 0.242786 0.222546 0.205326 0.190525 0.177686 0.166456 0.156563 0.147792 0.139969 0.132958 0.126645 0.120937 0.115760 0.111048 0.106749 0.102816 0.099213 0.095906 0.092867 0.090071 0.087498 0.085129 0.082948 0.080942 0.079099 0.077407 0.075857 0.074441 0.073152 0.071983 0.070929 0.069985 0.069146 0.068409 0.067771 0.067229 0.066780 0.066424 0.066157 0.065980 0.065892 0.065892 0.065980 0.066157 0.066424 0.066780 0.067229 0.067771 0.068409 0.069146 0.069985 0.070929 0.071983 0.073152 0.074441 0.075857 0.077407 0.079099 0.080942 0.082948 0.085129 0.087498 0.090071 0.092867 0.095906 0.099213 0.102816 0.106749 0.111048 0.115760 0.120937 0.126645 0.132958 0.139969 0.147792 0.156563 0.166456 0.177686 0.190525 0.205326 0.222546 0.242786 0.266852 0.295831 0.331212 0.375032 0.430070 0.500000 0.589320 0.702531 0.841503 1.000000 ; ...
1.000000 0.790610 0.623285 0.500000 0.410679 0.345249 0.296262 0.258675 0.229147 0.205450 0.186071 0.169964 0.156386 0.144799 0.134806 0.126108 0.118474 0.111727 0.105726 0.100360 0.095537 0.091185 0.087242 0.083659 0.080392 0.077408 0.074675 0.072169 0.069868 0.067752 0.065805 0.064014 0.062366 0.060851 0.059459 0.058181 0.057011 0.055943 0.054970 0.054089 0.053294 0.052582 0.051950 0.051394 0.050913 0.050504 0.050166 0.049897 0.049697 0.049563 0.049497 0.049497 0.049563 0.049697 0.049897 0.050166 0.050504 0.050913 0.051394 0.051950 0.052582 0.053294 0.054089 0.054970 0.055943 0.057011 0.058181 0.059459 0.060851 0.062366 0.064014 0.065805 0.067752 0.069868 0.072169 0.074675 0.077408 0.080392 0.083659 0.087242 0.091185 0.095537 0.100360 0.105726 0.111727 0.118474 0.126108 0.134806 0.144799 0.156386 0.169964 0.186071 0.205450 0.229147 0.258675 0.296262 0.345249 0.410679 0.500000 0.623285 0.790610 1.000000 ; ...
1.000000 0.697653 0.500000 0.376715 0.297469 0.243984 0.206091 0.178081 0.156633 0.139729 0.126085 0.114853 0.105455 0.097480 0.090633 0.084694 0.079497 0.074916 0.070849 0.067218 0.063960 0.061023 0.058366 0.055952 0.053755 0.051748 0.049911 0.048228 0.046683 0.045263 0.043958 0.042757 0.041652 0.040636 0.039703 0.038848 0.038064 0.037349 0.036698 0.036108 0.035576 0.035099 0.034676 0.034304 0.033982 0.033709 0.033483 0.033303 0.033169 0.033080 0.033035 0.033035 0.033080 0.033169 0.033303 0.033483 0.033709 0.033982 0.034304 0.034676 0.035099 0.035576 0.036108 0.036698 0.037349 0.038064 0.038848 0.039703 0.040636 0.041652 0.042757 0.043958 0.045263 0.046683 0.048228 0.049911 0.051748 0.053755 0.055952 0.058366 0.061023 0.063960 0.067218 0.070849 0.074916 0.079497 0.084694 0.090633 0.097480 0.105455 0.114853 0.126085 0.139729 0.156633 0.178081 0.206091 0.243984 0.297469 0.376715 0.500000 0.697653 1.000000 ; ...
1.000000 0.500000 0.302347 0.209390 0.158497 0.127129 0.106036 0.090923 0.079576 0.070748 0.063685 0.057909 0.053099 0.049032 0.045551 0.042538 0.039906 0.037589 0.035535 0.033704 0.032062 0.030582 0.029245 0.028031 0.026926 0.025917 0.024994 0.024149 0.023373 0.022660 0.022005 0.021402 0.020848 0.020339 0.019871 0.019442 0.019049 0.018691 0.018364 0.018068 0.017802 0.017563 0.017351 0.017165 0.017003 0.016866 0.016753 0.016663 0.016596 0.016551 0.016529 0.016529 0.016551 0.016596 0.016663 0.016753 0.016866 0.017003 0.017165 0.017351 0.017563 0.017802 0.018068 0.018364 0.018691 0.019049 0.019442 0.019871 0.020339 0.020848 0.021402 0.022005 0.022660 0.023373 0.024149 0.024994 0.025917 0.026926 0.028031 0.029245 0.030582 0.032062 0.033704 0.035535 0.037589 0.039906 0.042538 0.045551 0.049032 0.053099 0.057909 0.063685 0.070748 0.079576 0.090923 0.106036 0.127129 0.158497 0.209390 0.302347 0.500000 1.000000 ; ...
1.000000 0.000000 0.000000 0.000000 0.000000 0.000000 0.000000 0.000000 0.000000 0.000000 0.000000 0.000000 0.000000 0.000000 0.000000 0.000000 0.000000 0.000000 0.000000 0.000000 0.000000 0.000000 0.000000 0.000000 0.000000 0.000000 0.000000 0.000000 0.000000 0.000000 0.000000 0.000000 0.000000 0.000000 0.000000 0.000000 0.000000 0.000000 0.000000 0.000000 0.000000 0.000000 0.000000 0.000000 0.000000 0.000000 0.000000 0.000000 0.000000 0.000000 0.000000 0.000000 0.000000 0.000000 0.000000 0.000000 0.000000 0.000000 0.000000 0.000000 0.000000 0.000000 0.000000 0.000000 0.000000 0.000000 0.000000 0.000000 0.000000 0.000000 0.000000 0.000000 0.000000 0.000000 0.000000 0.000000 0.000000 0.000000 0.000000 0.000000 0.000000 0.000000 0.000000 0.000000 0.000000 0.000000 0.000000 0.000000 0.000000 0.000000 0.000000 0.000000 0.000000 0.000000 0.000000 0.000000 0.000000 0.000000 0.000000 0.000000 0.000000 1.000000 ; ...
] ;

